bin 1 0.034999999999999996
5
[1.66229035] [4.53220675] [-1.32266853] [2.75453297]
[1.55554337] [0.77151563] [-0.15091001] [3.01935575]
[1.84721953] [5.08417692] [1.21867951] [2.62965896]
[1.40790735] [4.32113404] [0.06575444] [2.4584078]
[1.1164486] [0.47304101] [1.44537883] [0.71939373]

##############
from bin2 0.08499

[1.39756968] [1.44681297] [-1.21552393] [1.05570843]
[1.75719904] [4.55866509] [0.69316228] [1.88641704]
[1.70011838] [0.96562992] [-1.39615522] [2.22664362]
[1.91485638] [0.43538654] [-0.96046298] [1.42813451]
[1.46151641] [2.44261756] [0.5249174] [2.09739506]
[1.33179603] [2.54912016] [-1.39715528] [0.53035969]
[1.23800865] [0.5406056] [-1.00581692] [0.85324789]
[1.02114425] [5.85563865] [0.25538022] [1.02271291]
[1.70040984] [1.90375305] [0.50415469] [1.61520729]
[1.68210646] [4.53635935] [-1.5401417] [1.29021388]
[1.9896737] [3.36941265] [-0.84322192] [2.46662919]
[1.26016299] [3.21827252] [1.53098014] [0.58393944]
[1.81129923] [2.91613973] [0.9899434] [2.52946888]

