[ 9.06701076  6.71123626  5.08414246  9.96912154  8.92949684  6.07440991
 32.31014557  5.44157431  6.27722436  5.21130146 12.90749403  6.32704688
 26.07689858  7.52055929  7.11824915 26.25688355  6.33719093  5.24832811
 20.9785169   6.52080477 28.52948731  8.77799175  5.58070161  5.08131891
  6.41225031  5.21019849  5.76058128 11.04704084  6.82562879  5.35840816
  5.04470588  9.84693948  5.93528322  5.11861235 19.94608424 12.52469638
 13.59536266  5.06370747  9.10731105 10.20378352 12.88036645 10.27179621
  9.39016595  8.93628645  7.28545415 13.41310501 23.1591705  10.59415322
  5.43639199  6.05628274 22.27724332  6.77531923 22.50787705 12.35411741
  9.04945965 11.29185732  6.33801761 10.58134253 46.32240531  6.6241784
  5.24611543  6.62537766 14.56933982  5.46365616  5.68919453 11.23307716
  5.5606417  23.69761811 12.98331834  7.46839661  8.77843137  7.92206479
  5.5614691   8.22860939  5.47120465  5.70252506 12.39943246  6.08236207
 11.71404705  8.57834535 19.3846694   7.67588286  5.43638213 18.02523187
 31.90348902  5.73194871 13.81251219 28.38772786 14.94063025 18.03949446
  7.89933065 17.87448811  7.21396652  8.3153356   5.15957936  8.02130698
  8.67920989  5.41614718 15.13349991  7.97680034  6.0640383   9.26010607
 24.41128032  6.12057521  5.01855741  5.7464411   6.89070786 16.62466705
 14.65064026 24.92492099  9.30308249 10.45308261 23.01755158  5.61979688
 11.45205541 12.07906646  9.2516877   9.04785234 22.0071394   7.31772667
  7.41775934  6.40233889  7.72347454  7.55738662  8.38867334  8.60947896
 13.21546815  5.04177049 47.35967539  9.01032076  8.62841093  9.58749736
  5.21781198 19.26226736  7.40901806  9.10519097  6.71124314  7.52112787
  6.9564385  43.52275945  5.69764521  6.92376748 20.45997264  7.62156093
  8.74289099 44.10030592  9.83612714  7.79882365 10.76854875 14.31235158
  8.02280631 31.96620484 14.90431286  6.65695413  6.35777787 12.90359691
  7.39541576 33.67837263  7.40662093 14.62683921 23.47759747 13.88640784
 11.81423632  7.45065279  8.65167898 12.22329545  7.18988508 15.36623116
  7.38674585  7.63574085  5.85160388 12.82005244  6.40335259  8.01961212
  6.21756194 13.56152262  8.24845164  6.99389043 13.98926759  7.38397668
 17.1656203  21.37170688  7.31291271  5.08173456  5.17949432  6.57610831
  9.8949992   7.07838736  9.7962713   5.17016674  5.80148216  6.63036761
  6.02590018 30.92957906  5.8988051   5.14817939  7.81313128 16.15770818
 21.25975088  5.9280295  15.60333633  7.87310983 20.01115028 12.15174861
  9.1992933  10.86896667  5.00544237 15.59485342 41.88469735  5.17049639
 45.89898713 17.1556939  37.14298525 13.88603124 10.71510189 24.5435715
  8.72530977 11.53041164 11.95226858 13.46153764  5.29401944  7.94438077
  8.60551007 13.98304713 29.09819831  6.35371578 10.81029875 20.81340059
 12.0367747   5.41827079  6.21158175  9.3587044  16.7786691   5.28720113
  7.61821158  8.58504256  6.6005202  12.94197089  7.2242033   6.88147357
  8.69971323  5.24077311  9.66674886 13.76778141  6.75627075  8.84021673
  6.61584412 12.72949455  7.90186301  6.24314351  6.94122435  7.37242765
 29.01440213  5.56105427  6.70831592  8.95342651 25.37243642  6.87648167
 10.96707489  5.73835821 11.10248253 22.63116996 10.79354631  5.17473566
  5.18114655 13.30602911  8.417254    5.26301281 21.76317294 10.62358979
 15.33873054  6.19271442 11.69892017  6.43429647 12.60766574  8.47026045
 13.79944904  7.30528076 16.16318702  9.01074965 14.86869933  6.45920183
  6.94118923  6.52615964 18.06111476  8.33521411  5.75996589  5.13171226
  5.28485461  9.96561454  9.00079299 21.10919346  5.61283513  5.16377006
 33.44629343 46.98801179  5.3373803  12.60341394  5.84839834 10.29056464
  5.26621156 31.66017518  8.86404385  8.95689305  8.2767713   6.31716398
 12.75226698 21.85705145  5.07510214 12.6669324  11.81194719 22.57994157
  5.40026846 29.09067946 10.44858044  6.33861301  8.76304498  9.97163379
 12.11555894  9.29902147  5.04654383  7.73077052 29.02873305  7.42408822
 35.41880086 16.89426651  5.85034722 22.62626585  6.37354837 12.39531271
  5.33005058 15.86988911 23.58460711  8.95044255  7.72706218 11.45839071
 17.86471222  5.64429909  7.09385141  6.53436034 13.4713285  45.36262765
  9.92504089 15.01718824 10.92075983 15.0285917   7.48461147 21.23746885
  7.39282678 26.24148876  5.60094317  6.09875754 10.75392177  5.74452727
  7.03071252  7.30744015 16.82000478  5.85776083  6.14471696  7.65759485
 17.0666607   6.52259651  8.00524809  8.97590349  6.53323376  9.222336
  6.47910463  7.32569219  5.90670628  7.37326031  6.38242981  6.34346106
  9.03548293 12.67655025  5.38624776 10.61232563  9.35022603 42.85338884
  8.20415767  8.10140791  6.5785023  13.94174806 20.32913546 23.3012927
  9.67292049 13.74393933  8.99200249 11.81522806  7.5077067   5.63331629
  8.7859991  14.51472231  5.56678773  8.26731055 16.48429805  6.76873518
  6.5454757  15.78682063 13.26459483  6.26763528  9.67290961 11.32178721
 12.8173462  27.94077414  6.19629238  7.98135591  5.35175031 15.4051391
  8.9486937   6.36327371 15.98639995  5.06631236  8.40560244 15.15611114
  6.2625073   5.36270365  5.96371531 38.44608438  9.23232977 21.42355383
  5.50354527 14.73742631 10.42351446 13.34342467  6.28829166 11.6603281
  9.84417918 10.27509384  5.67207064 14.46535633 14.78600183 10.17410784
 17.09592352 45.64304452  7.75268949  7.65535012  8.19421312 25.01705693
 28.45530665  5.21914921  6.72184987 10.57190386  6.67940486  7.85540216
 20.60296228 37.37387218  5.19272489  5.37906557  6.47839774  6.36017651
  7.62107093  6.49062376  5.1073429   7.32418162 29.44252403  6.21209746
 16.65033921  5.03013617 21.29403001 14.49057846  6.60831551  6.86004221
 20.59449285  5.8271314  35.83629364  8.04502966  5.61546272 12.1413327
  5.23272873 13.34014921  9.49356226 35.25554157  5.30824013 47.40648069
  6.54355851 19.7382505  12.93120788  8.7936656   6.82566992  5.46811907
 14.29843347  8.43330953  5.07160371  7.68189426  8.24658179  6.5520845
  8.27390753 11.84152703  6.30714096  7.01731867  5.0781821  10.7290221
  7.18444627  6.52900031  5.28036165 21.54763998 27.25276896  6.74022448
 38.09049226  6.64439764  7.42862253  5.02582063  6.22622452  6.34956207
  6.02150008  5.01800998 12.1546755  22.98606943 13.69527682  6.34185339
 15.18380106 11.85351712 11.75583322  8.58909164  8.17458936 49.12645011
 23.73881569  7.45872693 11.49317695  5.20760915  7.13129963  6.53302702
  5.14612863 14.55548372 42.78209111 14.26195289 10.53660144  5.42092585
 11.80393247  6.65147358 11.16862888  5.34560052  5.05921401  6.42442359
  6.10683546  5.11354172  9.28973624  8.1409349  13.24650177  8.37707581
  8.30416465  5.9355579   7.06347207  5.81081649  5.88341038  5.4356322
  5.18665169 13.53913485 28.42449561  6.14046542  9.43794024 17.55593776
 12.43349769  5.70599296 29.14062665  6.97418958 11.50743238 16.42374535
 12.58414289  5.42360716  7.84706497 10.48960622  7.38711325 15.98311637
  9.93746573  5.64789345  9.44059658  5.34359525 10.8601073   5.9099831
  8.32020737  7.12186299  5.93878035 10.2755798  18.00855559  9.53971091
 10.30218974 33.93540877  9.59812029  5.66449564 19.12139131 22.00786556
  6.46483313  8.36368435  5.69679636  9.74583243 32.81209959  5.96279242
  5.10645681  6.73873869  8.60222553  5.28514441 18.89315812  6.09698748
  7.41631659  9.60971325 14.40546076  8.45406202 25.53301058  7.46528615
 12.05740159 21.04972877  7.92217905 42.29580113 20.53931035 12.7649034
  5.2592494   5.4246531   6.30843625  5.64792784 30.56539186  8.99283282
  5.89184358  5.05361781 13.7569607   6.21711871 10.61245361  7.32227707
 10.7238829  12.28601233 10.69680254 18.17487001 11.47926497  9.51180058
 16.98700657  8.37020167  9.69301228  8.9572487   7.35549278 27.75227773
  5.47336636  7.63151121  8.0714976   5.57053841  7.94017979  8.0496401
  7.51287663 15.21972302  6.08967728  8.99716031  6.67453115 16.8789993
  6.93506781  5.25253888  9.47662394  7.93305842  7.23513814  6.27583542
  6.94453224  7.59995079  9.30809147  8.35572909 25.5563371   5.43948308
 19.10866956  8.07487434 13.3156415   6.63970408  5.63360598 13.87852703
  7.60007569  6.40166824  5.56031897 18.40586224 14.41503823  5.2618579
  6.14894     5.7222465  40.09235672 12.3003438  10.80414747  5.84635082
  5.59021854 19.35377972  5.53504141  5.39293811 36.83871675  5.70927922
  5.59973201  6.32222889  6.84525385 10.47884961  5.00995216  5.29999943
  6.34835161  6.44916821  5.29961631  8.31190601  8.16780386  9.95221841
 17.92306828  5.67900337  5.10568113 13.83172536  5.40170299  5.52372894
  6.38318364 11.82198227  5.50103846  6.71506443 12.1394206   7.46773252
  9.25054111  5.74714599 12.40355197 18.68992973 10.55341936  7.10927459
  6.04935918 10.75133417 10.5659412   5.674104   22.06806985  7.07189082
  5.39716716  7.56922648  7.21321161  7.75952064 11.05951463  5.57493613
 26.19231281  5.44230858 14.68534755  7.12084837  9.28929385 10.16299729
  8.70089398 14.53053517  5.51775293  5.80296502  7.927849   11.77208171
  6.69943363 38.18751244  7.86892354  8.25502933  6.85712763 29.77338242
 14.89761829  6.2656754   5.91656991 10.4047368 ]