[ 5.04652933  5.1591868   5.61948336  5.28540915 29.02209205 26.85754972
  9.75987678  6.36832308  6.81176439  5.36628602  5.48824736 15.98440902
  7.44250639 10.41808626  6.51932749  6.07959258  7.2431891   8.79512254
  5.13260445  5.88654869  5.23148411 10.76295638  7.12585393  5.8243848
  5.30054734 30.4875859   5.13481768 11.76133766  8.40001629 22.25444831
  9.00712721  6.17768816  9.20235042  9.92039079  8.37020231  9.50793855
 10.54609499  5.62361448 10.59368234  6.63438338 45.95921287  8.79922515
  7.55279693 18.04156601 27.09212419  9.30579349 14.21159093 23.47229346
  5.46739318  9.00798676  5.42314868  6.54073075  5.96857323  8.03258067
  9.01074264  6.06581922  6.29489252  9.27855735  9.09013591 14.57672706
  5.45538856  9.79597961 17.85487173  6.300964   20.42883357 14.44400751
  5.06684107  6.60847261 14.67915912  5.19301238  5.21636332  7.97074886
  7.03599328 26.10854822  7.07713894  8.76527405  9.90717913  7.23788199
  5.01688563  8.26404812  9.88298026  5.22452926 20.67495314  9.27103325
 13.25322147  7.6345104   5.2268368   5.15580332  7.8279438  20.11225018
  5.16070855  8.07566609  9.15436964  9.98791005 15.81419644 24.67831577
  5.19324696  6.37703207  5.74183031 15.33957345  5.04163725  7.33666818
  5.18949143  6.6819319   5.35167492  6.3605113  11.19245278  7.80751169
 15.7150903  13.44429341 12.75736103 21.01560673  6.07938031  7.80788581
  6.01268892 11.45383303 11.96144299  5.07928988  5.92844771 17.32177804
 20.1854136   5.22391882  9.45711115 18.66534204 18.16913996  9.12835817
 12.1954377   8.25445296  6.31363323  6.34341506  5.64533648 10.57791911
  6.34503546  6.2367448  22.3115995  25.02367742 12.26705523  6.92075311
  7.75020468  7.5172756  16.79390507  6.026906   19.0103013  47.68340063
  9.45496465 17.36257417  6.04180509 12.58573405 46.47577552  9.01060678
  9.00884993  7.45393489  6.64068236  5.20695538  6.82805166  7.74300683
  5.79884409  7.73938519 22.71599489  9.60780406 28.50124874  6.76131067
  5.61702944 15.06684467 14.57483486 17.27901787  6.41752696 14.32651352
 13.22353873 18.39365727  6.99089798  6.06479838  6.54318138 22.04364715
  5.85840673 14.50538571  7.80939344  9.40715764 17.64830763 45.98935616
 10.26226527  6.24273438  8.66434221  5.62310218  8.07381381  5.62254517
  5.77279154  7.68132063  6.60560733 23.80371391  9.2811644   5.40476061
  8.93589414 10.67337257 18.53167088 11.40932562  8.76467983  8.64310846
  5.38806149 26.57257421  6.84981142  5.01714458 14.03442933  9.86254522
 46.95383764  7.05918258 12.91856866  8.32349903 15.42823515  7.89772443
  6.2791291   5.75812091 18.99375816  8.52419096 23.3969976  16.13269706
  5.91125944  9.90770491  5.21235523  5.83654262 20.6986276  44.03983885
 11.42463215 14.20518894  7.90324138 10.252085    5.87978662  9.31570286
  8.32890973  7.80443487 33.65926971 10.17754461 12.31805072  5.64777017
  5.99696057  7.1441463   5.44040882 26.23530367 11.99199096 10.74828198
  8.48599279 21.17707027  6.05967147  5.62411055  5.48833937  6.75655709
  7.20289318  7.91509269  6.13069925  6.16410402  9.07017222  6.48648615
 11.08629156  5.26245264  7.67472213 10.71447326  5.82484809 11.06275095
  9.30189242  6.30438312  6.40322983 11.90337504 17.06658063  6.51645927
  9.10101971 15.13878193  9.41785068 13.07049161  5.84780056  5.59504152
  5.79885865  6.12868392  6.68482451 15.55995295 18.28497244 10.80635555
 37.65929993 11.08395219  7.67707502  5.69663491  5.15534336  9.22372368
  7.41414094  8.05470182 11.24022496  5.78443259  7.98781381 13.90721567
  5.11278492 11.2457188   8.39205521  8.16131041  5.81997587 12.06220427
  9.55770434  6.34367122  6.31176441  9.99183434 11.4083149  12.26300115
  8.60407039  5.29511469  9.44215376  6.02575894  6.63763759  5.57393695
 19.17317033  5.61694936 11.32306758  6.92529841 14.10970405  6.42635014
 15.52899955 19.04557332  5.19100664  5.4421353   6.63388967  9.33399914
 14.67407213  7.94686024 12.25114087 11.87767125  8.56792945  5.36153393
  6.30178049  9.41264171 11.73370636  6.69487336  6.99641393 14.87807281
  6.44781042  5.54958532 44.29981535  7.388524    9.18726612  6.07125028
 22.46041892 15.93737945  6.08251625  7.49775959  5.138133    9.31132513
  5.23931334  9.61006085 21.65417812  5.42074282 14.44058399 13.23826492
  5.80817819  6.02505002  5.8421179   6.07466494 11.09025432 11.09919168
 29.62278037  5.70956733  9.78906349  5.58667716 15.62497386  8.84886563
  5.85785058  9.44693917  6.52252739 33.6503591  10.55021993  5.05810149
 10.16908939  9.65190268 13.30310578 12.70349469  7.6768158   8.35625259
  5.06705161  8.53442411  5.57171937 25.69868987 18.71192649 12.9361346
  7.18813645 10.56742445  5.4858372   6.93398379 12.93649033 34.78030768
  5.69555508  9.12662232 32.05436809 23.48779019 24.42408894  5.97387629
 12.96213532 13.34009366  6.61745659  8.03168781  6.07697946  5.08084954
  5.10614185  6.68086961  6.16923251 35.8157      5.39529241  5.874644
  6.82569057 14.23908015 12.38064212  5.40648932  6.3803021   7.02651253
 47.38474996 11.01263357 11.18073466  6.58227054 26.7197728   6.26652806
  5.58078207 10.45475167  5.71582019  9.78023362  6.82662021 13.38875971
 19.54254466 10.70259672  9.33506892  8.51448426 16.2938839   6.20632634
 30.14878379 16.97340896  5.90739753 30.39860233  5.99593114  7.04709184
 13.58402232  5.75538818  6.07766114  7.90974766  6.83546487  5.23489204
 11.41712985 37.00155843  8.35247656  6.07480912 22.65582321  6.82797157
  8.32844307  9.66200584 24.67299374  5.64667063  6.31649686  6.56070108
  5.78613621 30.13580269 10.40689395  5.22805096  7.90761857  7.91236356
  9.62666308 13.60825595 11.84146015 10.36970685  6.68082219  7.20393511
  5.67145394 12.42047266  6.25054798  6.11257507  5.38317406 12.81935728
  5.66552124  9.87282576  5.08953301  5.85985301 16.06429031  5.06985575
  8.71763535 31.28573866  8.15860602  5.91090748  7.91265389  5.78762093
  6.38145818  5.646154    5.4919601   5.81288832  5.61122882  7.23253571
 10.1393856   5.02142957 40.47194499  6.97688916  9.32126258 10.58466751
 12.399542    6.84458109 34.04947627  6.35210757 12.07151073  5.594729
  5.25851251  5.72735186 10.60765451  5.74455495  6.41212683  5.72221453
  7.47310056  5.15323276 10.72592632 24.31440123  6.56215534 11.55256009
  7.82943113  6.88827614  6.67485176  9.74356985  7.14776671  9.72375864
 25.58283518  5.17982694  7.99522846  7.67365532 19.42511584  5.97846994
  5.51163502  5.0071654   7.22086076  5.59887498  6.28755266 15.04031532
  6.87710384  6.87619889 10.97309727  5.22210128  7.06125637  9.47072959
  9.8961755  10.70844635  5.24815466  5.38437903  5.17838984  9.63741503
  8.5067483  19.15075948 10.40555425  6.29921358 10.13901087  5.91213248
  5.35345413  7.5148437   5.89104275 12.15954062  6.65095804 10.13814797
  5.37565547 14.26446477  6.06172433  7.82725203  9.171314   16.84824706
  5.52782477  5.8692426  13.82114956 11.07750845  6.28485443 11.37143971
  6.06919652 10.04998723  6.2367468   6.11160364  5.8143953   7.36389052
 13.59494606 12.07382791  5.04252856  5.39938507  8.35163571  5.51387579
 15.00823685 32.08749096 17.20608797 23.08012838  7.83696561 13.69367168
 22.37626349  6.95783615  5.4679656   5.03011881 26.38673046  8.41082354
  6.58161131 38.67640166  5.15120855 11.80896108  5.30144454  5.81794156
  7.81965358  5.3697532  15.10951317 14.03342417 12.75420954  5.79159465
  5.15682717 20.10306859  6.18038713  6.54252609 25.43514574  8.06722023
 13.64362412 10.38490383  7.73441102  9.65497911  5.01222808  5.99680395
  7.47603451 22.13095515  5.07608209  5.12941431  6.23572793  5.25781217
  8.56388414  9.15577149  7.96858852  5.25975459  7.79523854  8.01158407
  5.13362499  8.01180619  5.82188111  9.57110923  6.99373987  9.10852667
  5.68879104  5.14711437  5.3198347   5.02555198 19.85198876  8.34228116
 10.66336976  9.75240508  6.74102166  7.51244319  5.47018254  8.04218333
  6.61222584  5.9966122   7.03370443 17.25607131 10.7671876   5.71271616
  5.17548327  7.59833014 15.60619678  6.70781571 13.48594276  8.15556162
  6.2271397  10.51170952  6.56967992  9.66745771  6.53666476  5.48034945
  7.16918741 19.99246059 14.17606598 12.62338437 37.63665469  8.26052313
 18.33257784  5.30747858  8.17095118  5.22117014 49.98755209 13.416403
 11.30936407 14.73244655  9.53374544  6.67723404  5.7704007   8.61686065
 28.3263407   6.17958237  7.83644716  5.4704168  10.37633337  5.73736691
  9.46605554  8.39595683 24.32848549  6.79223121  6.02842176  5.84564447
 10.29177873 23.37314517  5.39293347  8.54720166 10.51769131 27.94850577
  6.51739596 18.29426583  8.16026459  8.83043716  5.34245953  5.77968234
  5.16275131 14.64952294  7.58732565  5.50691129 25.49179395  6.01090602
  7.45547717  6.26791985  5.69351608  5.96969348  9.09920396  5.41950399
  5.28172249 10.93509103 39.62985812  8.53463893  5.39925872  8.86564383
  5.87735812  7.09177724  5.44650107 14.65784363  6.33876791 10.20407161
 12.76296587  6.05214251 31.10087779  6.81983925 17.95728341 23.3526846
 18.93829689  5.32401897  6.04869116  5.12541115  7.63973743  5.90384298
  6.52045165  9.29646477 12.07439901 22.06380978  5.07855727  5.85183099
  9.54974006  6.39906469  8.2823495  10.99790788 12.71777347  5.60791152
 22.07955659  7.45051948  5.70628428 10.71202335 12.53221098 12.04462376
  8.35491311  7.56911146  5.75707732 15.74630331  7.75978667  5.08529184
  6.19179429  5.30488359  6.43282835 16.92243023 33.00340967 10.05041428
  7.48334985 22.50812996  8.86913233 11.21748385 18.4767905   5.57263975
  6.08147633 17.79179517  9.63554956 24.71795423  7.8034629   5.74730771
  8.77559151 15.00252272  5.20496283  8.01270348  5.49229293  5.39188878
  6.08303329  7.50111207  7.88944089 12.62063036 22.79500188 26.42712837
 10.75771623 12.19439423 15.02580034  7.24580364 44.62114981 16.5170823
  5.93863753  8.03190228 12.23763116  5.0280287   5.49736459  9.7873397
 34.47070727  8.3574072   5.17891596 10.31431481  5.22527234  9.64567664
 27.2875065  15.80495996  5.4176302   5.26089279 13.17967365 20.84359502
 11.00432566  8.20050359  5.41480124  6.34451538  7.74338764  5.80944217
  7.30350219]