[ 9.37879693  7.48327367  5.0180841   7.69549265  6.82556196 26.13608851
  6.45707782  7.34340589  5.1887419   6.19357353 13.87299121 44.05294305
 21.11022073  7.20950936  6.28699563  8.25643493  7.71360189  6.70937381
  5.43647093  5.50745829 15.27726468  8.58537729  8.69681584  6.29815817
 23.87743781  7.70663003  7.3353287   6.6777932  10.03714573  6.18284835
  5.35958089  6.79715103  7.57508715  6.1248611  11.86436815  8.07439475
 29.01390347 14.57391661 14.46075582  7.43927893 14.6175873  46.91189743
  6.10977857  5.54784111  5.5037553  22.31757775 13.146021    7.81698132
  8.15457647  5.16889606 22.0704977  22.39355747 34.40166889 14.91300357
 16.75279004 34.52959247  6.89591446  9.57126639 10.04038804  7.70661666
 11.86197231  5.87564096 10.27015243 11.69761654  5.20497503  6.05793154
  5.95173289  5.37693057 11.99115912  5.00728964  8.67004451  5.24265757
  6.63313709  7.12383237  5.20937352 22.74237874 10.76728837 22.14069711
  5.91110243  7.57429965 32.02698685  7.00689588  9.87326654 17.40505617
 17.61415334  7.72743665  5.29912754 19.42201835 14.82665238 10.27399194
 10.93944674  9.89900894  6.02492155  6.89045261  8.90907715  7.42980599
  9.53720435  6.46000809  7.06117443 19.15893052 13.70507494 10.65913198
  9.06295591 30.40241022 16.61133969 15.98493424  8.99889119  6.29897609
 14.1706537   5.17728218  7.00362014 10.15972514 11.4671014   8.95588842
 10.41535479  6.455317   10.60573262 11.58295931  5.55782053  6.09878656
 14.72232402  8.93386898  5.69103694 15.25489385  7.91748118  9.93109242
  7.63176232  5.03377157 15.7934559   9.40824551  5.17222206  5.73340549
 18.68511494  7.94653746 11.0833496   7.55488327  9.81912122  6.03322794
 16.01183607  5.29234621 20.5228151  47.93877275 19.88509524  5.65440835
 18.5369797   5.24976751  9.34594171 17.00001575  6.24997056 16.63271499
 12.17303012  5.0006982   6.33020789 11.5288247   5.12914284  8.17557653
 14.32214717  5.7292469   5.22417063  6.89260027  8.70235724  5.89057727
  5.38239022  7.8217844   6.77949598 26.82385139  8.44922508  5.71222771
  7.54899345  5.49559113  8.22002121  6.50356535  5.14889269  5.07999221
  5.37668116 14.1631696   6.50919353  6.7228405   5.97863915  6.9219794
  7.48420114  5.776956    5.17731002 22.99064396  7.11879491  5.24630823
  5.08626013 14.37178156 16.9937894   7.50976318 21.25364184  8.04415733
  7.80856904 21.45353624 34.51393101 13.15920522 11.06995894  7.31501734
  6.0081316   5.29990183 13.31945336 15.12111116  5.4249461  14.54072496
  5.80884641 15.29174654 22.35677754  5.99289605  5.47489414 17.4934235
  5.45549568 14.24332283  7.70186307 15.08085333 12.37083999 12.61207254
  9.0842369  10.98883159  6.45120872  7.18173915 13.76938576  7.54272536
 39.35245369  6.32060419 10.34495141 17.37599021  6.8348327   6.05233472
  5.60069157 16.30470373  8.26901995 10.56544286 18.82753296 19.91934679
  7.5284943  19.10791296 14.43290763 20.48623526  6.12637418 43.13199122
  9.00180116 12.56184148 10.59067326  9.09140363 13.14676119 16.79330939
 30.5021072   7.23768078 21.31343087  7.59702303  7.80216215  5.55424825
 13.89365852 15.57258946  6.65176729 16.05189896  6.65927706  7.26044623
  9.22789937 10.03437986  9.70004236  6.07193973  5.01969082 38.96505714
 26.41913531  5.12868051  5.83199384  8.1735014   6.57179947 14.54705764
  6.98613698  5.57557894  8.81570649 32.59204276 23.21728798 12.52834562
 10.33075495 21.66440531  7.78828256  5.04599204  6.91500547 26.1352701
  7.00139386 42.8437861   6.59263389 21.52230026  5.02750672 11.22417268
  6.19836943 14.159208    6.0973423  12.93669806  5.24703576  5.16067529
 10.97774891  8.34759576  6.48656402  7.47026763 35.4984339  10.35427807
  6.0446104   5.98998226 10.25096666  5.97490621  8.17945041  5.02448091
  6.97670689 23.16917782  8.09813381 17.03881621 14.26237922  9.00190752
  5.78280645  5.07736957  6.03295947  5.19890618  9.26071483 10.22051154
  8.73739029  6.61626798  7.56141972  8.48744898  9.29236451 37.02626847
 10.97936614  7.69505538 19.75690987 20.38688508  6.6992863   5.20480268
 12.78838771 17.38555524  6.15574196  6.87003165 12.27009971  5.34732175
  7.54679349  5.15706923  6.30426434  6.54535923  5.32096832 28.87761458
  5.490951    5.53354656  7.08740774  5.95163032 15.79681566  5.45061752
  5.19871074 38.33125543 14.14205284 10.8320061  11.12598672  9.08228687
  7.07488497  8.16966904 25.72896844 15.22904931  8.26388848 15.52825311
 10.88260213  6.50256886  6.44772196  5.78014291  5.6025889  34.35846559
 36.87229466  5.05675672  6.24204107 19.21513316  8.08565107  7.17944169
  7.35223427  9.22207735  5.57089071  7.14073177 10.24442993  5.54315791
  6.61033708  5.56125414  5.9538694   6.80127865  5.99247509 11.78000031
  5.09074435  9.89342548  8.03111776  5.82347488 23.61777677  5.85697021
  5.59538172  6.09863535  9.77058061  5.14351897  6.58841196  5.18366402
  7.54236496  8.22544867 18.14179403 26.49992023  5.5044668   7.3850621
  8.98876254 13.42154884  9.54471436  9.39855568 17.38768958  5.67734636
  7.99069367  5.39804989  7.13531302  8.81062453 14.18972988 39.65827281
 20.10896027 26.47151284  6.14325822  8.85212995  5.19805826 13.3959209
  6.05864498  7.29164211  5.0380241   5.05259962  5.31714325  6.11477254
 17.4842811   6.51030242 17.65772221 20.04087069  5.37104169  6.9466934
  6.11420378 10.29053504  5.38305453  5.75128444  6.3365342   6.26045613
  5.13629179 20.71456431 11.30423366  8.84771011  6.85474078  6.84879826
  5.5706736  18.46618861  7.85159911  6.05485599  9.09358511 17.07689654
  6.20263538  6.09206     5.72212617 10.73469509  5.1403613   6.37108172
  5.88917504 12.98030172  6.44724026  7.06390596 10.80476529 12.0625452
  5.64281468 11.87529192  6.82267154  5.40695235  6.64324197  6.24847192
  5.22878648 18.01443063  5.05999828  6.54305216  6.24498402 14.69078822
  8.11529653  9.15421381  7.58263625  6.09385629  5.24307238  5.31231506
 10.76349328 10.47129424  5.52258226  5.19732564 16.64041079  7.00279054
  5.77741791  7.13048341  5.82235829  5.56817507  6.43535972  5.13284614
  6.22197749  6.23315208 24.35038198  5.38964815  7.44680668  5.48029576
 16.15294551  6.16841706  6.18423253  8.5054217   9.31080106 17.16613086
 34.34092125 11.44725799  6.01902155 17.65461311  5.27047829  5.38866456
  5.33297237 26.83305409  6.7144116  12.70892255  5.89397493 14.05480227
 23.53367318  7.15909742  7.57090482 12.29215203  6.01613971 14.74505938
  6.19023974 23.62350258  6.73909821 16.49267051 19.66974965  5.56685024
  7.72446731  5.56617407  7.8895941   5.54715281  6.54218414 10.21223922
  7.27963323  6.48938327  5.82540121 11.86242161 18.57585351 11.32695519
 12.43264926 15.15390802  6.02101692 11.92549862  6.08905667 32.18243543
 16.05450621  6.10115367  5.92424185 17.99863183 10.36779927  5.18885776
 11.81846841 15.27376009 13.29366149 20.1629839   8.92351215  5.89000937
  7.5179472  13.68490443  5.1935642   8.56065699 28.28944736  9.31017752
  5.98539852  7.5949579   5.66161785  7.43326552  6.97028681  8.32003077
  8.20937626 16.57496975 46.27651861  7.99424548  7.06402343  6.82182331
  5.11291004  6.12420359  5.82763203  7.19046763  5.82522886  7.95117934
  7.46683076  5.22622706  6.45290381  6.79371006  5.68946532 15.69685806
  5.1021279   9.82906196  8.13638968 13.0304896  10.80195545 20.61025361
 11.97342651  6.97025001  8.15242186  5.14405411  5.75970197  6.54508814
  6.30002908  5.41936532  6.87491278  7.54325336  6.39300463 12.25593095
 19.36166813  9.73871216  5.33256764 24.62359653  5.0980947  23.54368443
  7.235527   35.19503656 11.87391684  5.71820006  5.83194581 22.10450713
  8.2589332  48.71237596 10.70714858 17.2726265   5.89165386 11.02914249
 12.83159498  5.04331016  5.62556349 11.03140384  5.07363088  5.60162643
  6.43292876 10.43110434 10.32003469 11.28928153  5.19192675  6.64024694
 27.84067493 12.0901201  13.66627474  5.04436987 10.97221834  7.09233438
  7.75659981 14.83379331  6.84537505  9.62093135  6.23135413 42.90622031
  8.12495998 13.30939061 14.03861255  7.08782731  5.68738015 24.59854265
  5.86535819  9.41804512  6.30406284  9.71046157  7.06923699  5.9748071
  5.29116086 18.84941258 46.10089681  6.24084373  8.88112092  7.21306805
  8.50952518  7.18560142  9.84220993  7.86552805  5.47031314 21.16116577
  5.97012472  7.72604926  8.79562672 16.22650206  6.76031316  6.10557537
  7.02739126  6.58126574  6.11438703  5.90333101  6.10625848  7.4680986
  6.62500763  6.30848218  7.55857712 23.90178189 46.89132059 33.83878895
  6.45059665  9.77975778 13.12880888 21.1182484   7.70578064 12.61109362
  5.74727087  5.3404459  20.51840847 21.76020059 11.14203597 12.47292116
 16.46015685  5.81476884  5.57567437 20.94143274  6.45999516  6.61287174
  8.85299219  7.38648693  7.37680013  5.59223744  5.98589162 13.28909485
  6.65250229  5.15070312  5.64839148 10.05735416  7.69410189  5.04125515
 29.72527349 31.8623139  12.30727168  9.28540812 10.55946651  8.75394045
  7.00023362  5.08024943 14.97468779  8.23146775 44.60322845 12.41799118
  7.38099253 10.32100423  5.9655562   5.34961449  6.01225298  5.91744817
  9.03040417  6.62700295  5.03726456  6.03690676  9.10226333 10.55318985
  7.86030187 16.85193809  5.69673337  7.28515733  7.34593297  9.37327451
  5.39157899  5.82829031  6.57555288  5.04779303  6.8312075   9.14589962
  9.18133933 22.31723683  7.27677935 27.63164335 23.9677772  12.14428258
  8.26904995 11.87229741  6.18446677  6.5810716   9.89836787  5.26843043
  5.27608587 10.94018235  5.65434285  7.74865186  8.46039404 32.34810115
  6.51140672  8.4198786   5.73066434  6.78246585  5.82420593  5.24741399
  5.40375799 17.6972138  13.53797843  5.479039    5.9089114   9.36881913
 11.68992556 47.27131595  5.4917     18.89355292  8.56441295  6.3697787
  9.09883975  5.04335114 12.68182074  5.37418859 19.69281787  5.39037631
 14.00594946 17.92347817 21.13473567  7.69511686 12.26245708  6.29965502
  8.36630242  7.80000319 18.72715289  6.73343666  9.16125297  5.82734944
  6.67891757 17.53058894 11.54372632  6.89871078 10.47995877  6.13749473
  9.78717096  5.45250643 19.5356904   5.40149984  7.05597966  5.30623356
  5.74670538  6.46400043  6.28399379  6.38807803  5.9817542  29.68991147
  7.79514751 11.54782437  9.7000214   5.26161594  9.97119312  8.64221099
 14.16818481  5.29307556  9.85595173  7.00392455  6.24920548 14.10378151
 16.69049527  5.01390874  5.49066864 12.14243655  5.83992066 27.20827266
  5.7646367   5.82057888 25.87530031 10.21674105 14.8613422   6.98855853
  6.02553245  5.65401756  5.85172785 11.02154124  6.34324648  7.91067706
 15.83003777  8.11582217  5.10157882  7.2395499   5.91403918  5.93488153
  5.79180033  9.306979   21.80842892  5.39007979  5.20947793  7.02999116
  5.86572243  5.6685671   7.03856267 14.35313276  8.0655983   7.36307054
  8.23117858 36.20883844  5.01287626  6.61917741  5.23276786  6.46703795
 18.27493731 11.18411722 16.4031637  37.26716054  7.25921259 17.62648603
 26.90902446  5.33520418  5.89525513 12.98220065  8.00912067  9.11823901
 14.986429    6.00368489  8.41813607  6.8049426  14.16955694  6.3154814
  5.14722245]