[ 8.78100789 11.52391783  5.83655445  5.71899822  7.84286271  7.90026745
  8.24909805 12.4644168  35.54214271  5.91065657 11.17158714  7.76384983
 13.49464995 14.90459381 14.57665245 16.05736322 10.32750963  7.2641023
 10.40033267  9.33996862  8.73978459  6.42319814  6.56187348 39.17374226
  5.87225845  8.39081402  6.64878058  5.74404649  7.77533612  5.90950913
  5.26280095 15.26030473  6.4482725   7.70809026 17.84877857  7.76081089
  5.35161277  6.01286605  8.06188985  5.13877813 32.00395933 36.79434666
  5.16229018  5.34283532 11.1356619   5.58077565  6.6258534  10.58119329
  5.42973623  7.86328888  6.68368347  5.35797278  9.20885645  5.69284922
  5.80067357  9.96588256  9.52045031  5.67545684 17.04805828  6.44488701
  6.11201258  8.49375618  8.31004581 13.70069906  6.61342564  8.41257236
  6.63381243 26.28670371 18.05450625 18.62129892 18.02365305  5.04233259
  5.30505073  6.76710242  9.33801301  9.41983752  9.47338191  6.94519235
  7.40637222  5.25654292  6.43611248  6.36517149 10.51878357  8.4639186
  5.86560025  7.38270358 15.345698    5.229171    6.32596845  7.38996823
  5.174047    5.05723892 14.44540015 24.7217981   5.93057556  6.4332593
  8.58901185  6.66656774  5.98963904  5.17855768 14.62131082  5.8256668
 13.85049803  5.49214579  5.33961683  6.59359749  7.09794897  6.24481934
 19.92516016 42.79144306 27.94683951 17.58578483  7.83446829  9.6477993
  9.25510434  5.33171794 12.40609002  6.00959598  9.34251058  5.38272924
  6.67140418  9.86865027  6.55714844  8.54473799 17.66297704  9.24652337
 11.56932838  6.0571682   6.26091601  7.30406835 15.89573839  7.04060541
 12.4660506   7.82415568  5.21767939  6.7323954   5.4406091   7.54697976
  5.09112215 14.97092869  5.24471501  7.29874057 13.68909716 10.00305855
 10.56850526 26.74318852  6.40670024 11.60932042  7.34255562  7.80045775
 28.81417516  8.25366611 19.10825638  5.58608599  5.05853638  5.73258024
  8.10048724  5.92305469 18.89825721 15.1794326  17.59348292 13.48629224
  8.28122976 42.19307246  7.07824172 33.00733544  6.92895626  5.84115575
  8.73434149 12.84623317 13.95695573 17.75175573  5.75506712  6.96382975
  6.76741518  5.4992519   8.81713317  5.8421551  37.22820332 10.67558271
  5.24408163  7.02720463 11.32116297  5.49157284  5.09320865  6.37234338
  5.49500058  7.79907049  5.00773124 13.14314503 15.15306859 15.43882181
 10.60566148  6.74286806 29.2085539   5.37171698  8.10395195  7.00383287
  8.95644582  5.41704698  8.73740867 21.43151132  5.054557   25.83409299
 10.63384452 14.38369413  6.31732245  7.77373922  5.03648228  7.51066238
  5.29155691 25.33527246  6.39248658  6.72135347 16.31961877  7.40674958
 18.2571263  27.64077118 10.30167296  9.73982856 10.52277016 17.87392669
 10.44741302 10.42130308  9.45601906  6.19764189  8.81104916  5.7247007
 13.85649013  7.44166514  5.75077123 11.82356508  9.61431625  7.15318311
  5.60197451  6.06692171  5.85260141  6.67133829 22.86574062  8.45755662
  7.96036682 13.39471296 16.0184878   5.65236458  8.82131775 22.36052998
 15.04470512  6.71020769  5.51021423 17.99813579 11.02979989  8.47069428
 14.41549353  9.34491826 16.1793268  20.00124257  6.32466472  5.79752205
  5.19865678  5.02220168 19.33871155  9.15988455 10.90611877  5.75066
  5.99803719 18.99660967 24.72812919  8.46557648  6.74401724  7.97782535
 22.69190212  5.64784104  5.25871414  5.82105285  9.68072603  6.18573105
  7.23071662 18.70744522  5.53382004 40.91911051  8.50790324 19.03008861
  6.06437664  6.0710315   7.51048873 15.74325979 16.53623601 36.12635165
  6.16279296  7.2404149   5.13734284  7.78575111  6.63575322 16.94436694
  6.57556037  6.2153702   7.49720549  6.86183494  6.06830561  9.8874105
 10.67018639 10.76689127  5.11229207 18.24289589  7.17139589 24.78524106
  6.38505878 10.47692689  6.28543724  6.61032794  9.67977852  8.85104148
  5.42205478  8.48560253 26.86901073  7.24633533 23.23394685  5.51665191
  9.08405075  7.79389478 24.44269198 45.32369408 10.03012081  5.00233496
 45.04262332  6.39946056 16.70484368  6.39116894 33.39387213  5.13452246
 19.63580168 15.72561047  5.93557327  6.91439535 19.88577083  7.87164365
  5.50453394  9.03543801 19.61617327  6.72660308  9.16345768 11.11599782
  7.86654902 17.76392968  6.68196556  5.62300974  8.37805077  9.38241773
  9.27945059  7.63255191  8.04026868  5.01192271  5.02907842  5.90821878
  6.85009659  8.14910051  6.39288679  5.1779479  10.17310228 31.67482296
 11.20811011 22.6116305  17.0616163  13.33986987 10.78481452  6.97812212
 24.60687904 11.38337111 12.15119378 31.79116719 18.4216854  36.32157195
  9.12427278  7.67545083 23.03128734  6.31357352 13.42069898 15.32939337
  7.57147901  5.37191976  5.79331777  6.24463738  8.43127401  9.94264196
  6.46750347  8.01872338  8.37113233  5.20791984  6.54481518  8.58991086
 14.58305035  9.04680539  5.26556821  5.48219206 12.94852519  7.5213241
  9.09569578  7.50353741  8.37991994  7.29824362 39.68496246  5.90058848
 14.13334738  9.37122933  7.75404696 12.93237496  6.70225217  5.33033917
  7.14348718 11.46791281 10.11139033  5.18059962  6.05989411 11.55104655
  5.47317653  6.89843084 22.05252896 15.53281922  6.03052528  5.75564
  5.13296422 11.6442818   6.42179318  5.21320797  7.5420182  20.41226039
  7.35550481 11.77456235  5.09381342  5.70649801  8.67761834  8.14943773
 17.37867383  6.49142867  5.13277901  8.1106675   5.68309461 11.08291845
 13.9568786   8.5500288   8.14903194  5.22252853  9.79521368  9.85071139
  6.56296411  6.96851256 27.90621095  9.51209105  6.37884597 11.31766263
  8.76459861  9.20946128  5.73402735 15.99518795  5.29720041 10.00390893
  7.07858202 10.50283656  7.13518738 18.99402172  5.22037713  8.21573631
  8.11432798 27.97378016 14.47953171  5.50484818  6.10318774  5.53718734
 11.12280629 12.95046195  5.36764323  6.29254448 13.51969752  6.14059178
  7.64329563 25.28564252 19.11524085  5.00196066  5.2125735   6.35554198
 15.18540105 19.07739131  6.06153615  9.02566252 26.32330883  9.59751674
 12.81576375 15.52895321 35.93391119 36.38297201 15.62998776  5.11951889
 13.26825378 15.54046496  9.76368645  5.64790464 10.21137954  7.94118475
  9.01646957  6.08977558  8.64950567  6.87808058 10.57724783  6.57533904
  5.56718094 15.65452526  6.17301234 29.00384992  6.41706723 28.58634949
  5.37705994 18.32917145 19.18703478 26.93069247  6.30169607  5.54144455
 15.25340244  5.75924988  5.1911372  16.50663388  6.65824803 11.62725302
 28.88136073 14.55162052  7.96280531 11.88388314  7.07152798 11.55983892
  5.01564228 23.57655327  9.79952861  7.7035535   8.89707344  7.97649628
  9.38840029 13.05593939  6.61426205 17.64766694 16.54697068  5.08809092
  6.02459418 12.97790897 16.72242963  5.24599174  7.43652009 22.92286174
  5.4295964   6.16299035 10.21081628 10.07307271  9.17548251 10.06692683
 12.32642308 27.23646479  8.63331959  8.30597767 45.99294193  5.16492735
  9.63206142 17.09577448  6.28372514  7.15118921 37.20532962 18.62697933
  6.17150542  7.75494306 14.5619594  12.76764125 10.20052585  6.59931144
 10.71478936  5.06364934  6.61111597 11.21584676 13.38113638  7.40932114
  5.0413305   7.84300584  8.56955724 11.13793297 22.6861837   7.89058466
 18.36078222 10.78113833  9.2782496  11.75576212  5.97657445 12.72279822
 13.15251709  7.14488012  7.04856061  5.50784929  5.34538109  6.37181123
  5.14321656  7.74078453  5.51833425  5.27897637  9.0176077   6.68157017
  5.78633777  5.50242824  6.98055878  8.66763571 18.48554901  8.33010526
  9.13689506 15.3578925   5.318901    5.16031561  8.51114176  7.61957006
 10.89466913 12.66585344  5.02513486  6.60561952 11.77406477  5.00629923
 10.74135346  5.52617166  8.24948391  5.069973   16.32467154  5.74724002
  5.76843164  6.89363051  5.68197749 29.41600793 10.47764785  7.87575726
 12.79039466  6.00629653 12.19113998  6.15896239  5.00467792  5.89502608
  5.16742199  7.41176841  5.94794381 12.96455648 38.16116391 25.29550872
 12.8081594   7.28080277  8.84381877  6.26445189  5.95113412 19.95102045
  7.51575638 10.24715969 15.16982192  6.54443491  5.20005435  7.3518395
  8.44583161 11.49953769  5.59848291 12.52415934  5.73947444  5.36949541
 12.51259438  8.57874004  5.68408934 22.29858242  7.91099976 23.12280229
 32.86118914  6.36491623  5.4827805  18.98469604 10.57325242  5.70916243
 45.28563865  6.5099432  10.48852169 28.50816265 24.25061557  6.38985677
 20.48118819  6.11426862  6.3606534   6.46418733  8.76333145  6.20247129
  5.76257087 11.71337258  5.17278383  5.55432859  6.82585845  8.92790249
  5.3035851  12.47295431  5.87726782 35.84353767  5.79119293 13.0237993
 18.13539144 30.04213295  9.14594751  5.68856368  9.29666784  5.44232198
  5.90946565 37.90586196  5.94413431  8.48951833  5.23220685  6.29485414
  5.93212193  8.73003056  5.60177898 11.93154916  8.74072432  7.18251406
  7.79394962 23.84041441  5.91199331  7.64849283  5.27591393  7.80271816
  8.21317526  5.94593921  5.94738827  5.27110444  5.45007012 13.87155622
  5.28357302 16.17068097  5.98939094  8.35635953 10.79350544  6.16484484
 19.70018929 11.2495243   7.43361401 31.02457432 11.59581403  5.05049216
 36.96627345  7.65029546  5.2158299   6.50287722  8.03715091  6.00598329
  9.0908106   5.41492625  7.50814163  6.23185433  6.77160471  7.00619563
  6.3141626   5.14282598 14.3480057  10.89418108  5.03126215 14.43156032
 21.67462061  7.07743799 33.13925578  8.39268777 20.04777967 13.98027598
  5.13118599  6.22064328 16.25593117  5.2849463   7.89410486  8.01732015
  5.86129716 17.65078552  5.75263688  9.1840787   5.66062191  8.372036
 13.70639199  5.85870128 10.74253004  6.11145918  9.64880769  6.04077488
  8.17851937  5.46038043  9.55894136  7.92033298  7.74364825  6.97842055
 11.73817161  8.32066055  7.35298762 14.59938387  5.61101602 11.66052152
 16.77464158 11.44148375  5.23376099 17.45605387  5.22167276  8.14334945
  9.06699923  6.63139564  5.26420056  5.01339834 13.5237373   5.40172188
  6.16867468  5.14886825  6.85412592  6.14392238 12.88131527 11.44865538
 13.13339875  7.33058713 26.99588897  6.60421549  9.83930827 14.11583511
  6.07919704  7.96378419 30.64207587  6.77532053 24.48818099  5.68340889
  9.45734071  8.45539972  5.8100263   7.31970875  8.47567165  5.31916516
 30.71138997 14.03974312  6.79313774  9.50849722  6.46362535  5.04539643
  7.5331187   7.0161845   9.64259736  7.95471575 22.18652024  5.79479269
 12.04939924  8.83745368  7.06277306  9.04663661  8.95421218 19.19577319
 31.66775134 20.96817653 14.57491801 29.30822085 28.6261661 ]