[11.5761561  11.07889146 10.62797458  6.0333848  32.91561257  8.0611758
 10.18899196  5.57344706  8.05790897 17.20520911 10.50856042  6.23176548
  8.18772859 16.51473827  8.06090452  8.09305064  9.53293936  5.75220775
  7.15279038 25.50208632 24.5835258   5.38590503  7.37345477  5.10724715
 12.10487964 33.12554029  5.19988639 15.86093519  5.47425863 10.55516264
  6.09629048  6.05795116  6.68146458  5.32642376 10.80268896  5.25803768
  5.80426146  5.78871699  5.79990327  7.65523993  5.16923926  9.35909368
 15.59799859  7.9692335  19.34318573  9.37031585 11.9936681   5.26263939
 15.86017903  8.59018293 10.68129078 16.27829901 28.37407238  9.95499418
 10.29294813  5.53733407  5.56104511  8.94219069  5.61400842  8.70495948
  6.2407454   8.35418812 12.87868677 19.82193394  9.81487125 17.06305767
  5.81042521  8.31189828  7.33254241 20.98510679  6.51296927 10.63464181
  5.9224733   7.96554506  5.29546406  7.02784095  5.42971759  6.09159758
 26.66168746 10.67174306  6.03561163  7.79831472 15.34521868 18.98920298
  8.33142322  5.73236888 12.48877563  9.67580567  5.00906611  8.49643312
  5.43642587  6.40103808 13.23883517 19.25988288 22.0980179  22.45662988
  8.49962338 49.42507292  6.39705248  5.278457    6.6345916   7.37250402
 22.06000421  5.3197218  44.98053318  7.09938719 24.42138627 43.16443226
  6.1472427   9.56105584  8.45555956  7.25726395  6.50685173  5.54507381
  5.47880402 14.55991365  6.07277526  5.59813744 32.72739391  5.96903637
 27.38430145  6.03967243 16.37240162 10.44992449  6.00024812  5.1439718
  9.7782639   6.97121417 30.68300803  5.56916625 27.37980015  5.5706894
  5.5043086   9.47875554  9.66338541  9.47610656 10.64192339  5.69061572
 16.85469984 11.41915619  5.69735251  9.44262919  5.44381422  9.01455279
 12.59107019 22.0122808   7.35494852  8.50814899 43.25464919 10.69150123
  6.03608433  6.9865051   8.94945492  7.01514395  7.38267082  8.67571702
  6.14377643 25.60001561  5.04170616 16.61020664 27.76874649  6.39820967
  7.28718751 17.38990494  6.37552406  5.80501329  5.41391365 13.93695738
  5.68597571  9.53177705  6.62257052  6.95470991  5.39792324  5.30329044
  8.01710267  5.93362414 21.42096034  6.60170264  6.98554059  6.00839181
  8.93469006  5.06720362  5.35398109  6.69991675  7.27255613  7.97537749
  8.24884806  5.84194093  5.49189916 11.13970444  7.72357076 11.41181175
  9.3581567  27.82039778 14.79474328  8.48802093  8.33200619 10.85847913
  6.47534179 16.05997946  5.05600399  7.72166363 18.0664786  12.67119633
  6.13831964  9.37866965 12.40986207 12.37450951  6.42734838 18.10644113
 16.22364276  5.20105157  5.60493981 15.53826945 14.87135366  5.02078091
  8.53809052 23.90196585  6.97453271  5.07667155  5.38875011 17.94114064
  5.68050626  6.89803171  8.16829966 12.83742241 15.63069599 18.21693533
  6.37269311  8.65241466 13.65014475 17.53020541  9.88121854  8.02833591
  6.62865335  5.7872446   9.17567867 12.19670082  9.61503616  9.00558747
  8.89016352  7.58561974  5.12585188  8.89028685 30.25969679  5.59833202
 38.35726037 10.92243329  5.60645069  6.83087278  5.39997499  6.44350634
 14.16874887  7.78482297 40.10752119  5.60896533  5.94183039  7.98664526
  5.78284906 17.93449099 14.91270274  8.68623647  8.04144391 29.47252698
  9.87982443  6.47202202 10.91022947 13.3258372  12.36993449  7.65593094
  9.65958795 23.55323737  9.63943448 12.4302994   5.44017579  5.1269053
  5.2700792  11.35886779  5.29611882  8.33170772  5.03394123  7.94855083
  5.33123991  5.02652933 16.11585945  5.43986401 13.25625041  6.74105069
 15.83255269 13.33002547 16.74561993 24.37801219  5.13528489  7.15745909
  6.94947123  6.96850496  5.62564659  9.28892791 12.10977718  8.73335015
 32.92756609  9.83329059  8.55495396  5.26166598  8.98779764 12.60214947
  6.61821612  5.39637664 11.79719791  5.77709114  8.21894544  5.95264817
  7.68585044 20.19889925  7.52707382  8.23577771 26.16713747 19.25873808
 19.23581362  8.44619971 13.90107989  5.98350019  7.69552811  8.17882808
  8.38408017  7.83748114  7.55238302  5.28463534 16.77046312  6.45097679
 13.77235207  6.03093196 26.00502514  5.81108645 12.44039334  7.24092151
  8.29762646 17.73468566  5.1002016  20.92872504 20.56658112 37.36849197
  6.69267233  8.70504074  5.20220831  6.95376723  8.28455413 23.49698018
 11.90979082 13.82071427  6.23402171  5.91631538  5.95944512  7.39663267
  6.05780216  7.19270426  8.53998601  8.18637811  9.53776022  5.71207736
  7.64829034 19.11237908  6.21310924 23.66052014 27.32385732  5.24857947
  5.34441469 28.65603755  5.505425    5.03777535  6.96251179  9.63217679
  5.93090061  9.94172512 28.51619157  6.59411701  8.90571636  8.88906372
  5.85874872  5.76885237  7.72559753  5.97252966  8.37255929 21.43858012
  5.02232988 35.8393011  34.18592706 13.33118026  8.74077131  6.00341571
 12.82212527  5.13496842 23.45955975 35.09438227 11.23298214 16.91644201
  8.0724074   7.97291243  5.67581772  5.15638352  5.33606505  5.50692967
  8.30828896 23.67202298  6.30554204 39.79071364 46.86652929 47.07499103
 13.73553694  8.04530626  5.47896324  7.52093142 10.79685817  6.18223593
 14.99998224  6.400629    5.95017193 20.78663901  5.49304264  5.17401661
  9.0975737  10.71964757  6.2862265   7.3593069   5.04721577  5.10278999
  7.47378302  9.49392374  5.04503035 16.99259895  8.06776924 14.53449296
 14.21398359 18.53951674 25.48629519  5.02130906  6.82969764 26.18299054
  5.56349996 15.81830835  9.72521824  6.44509994  5.16072994  6.07221367
 13.39420597 18.04126147  5.2344953  17.56841694  5.60636094  5.26441545
  8.64500946 20.94755999  5.59947448  5.64294964 27.59440241 11.61769487
  5.61530849 18.13857085  5.85363665 24.6894254  11.38455709 11.23077707
 26.93780335 39.40584699  5.01442725 11.95510996 23.33120978 10.56193947
  7.04446966  7.05458436 18.24359947  9.307766   33.51632176 17.33666503
  5.15116936  6.75992162  5.90859928 12.51506564  7.79264857  7.69601544
  7.72109031 10.24791484 36.95572036 16.52007343 28.03598675  8.47906078
  5.36259736  6.5498601   5.48301489  6.89683216  7.0498164   8.07288477
  6.92376763  6.89981322 16.343571   11.11617401  6.3124992  12.22173899
 14.16165062  5.44838707  9.81587114  5.42430238  8.1363642   7.16709409
  7.4865763  26.56156909  6.35087149  5.73991986  6.05956999 23.89226361
  9.30750844 17.38248583  7.36583683  5.12760966 31.42671176  8.89162021
  6.58382428  5.95872835  6.57950855  6.59300522  5.09902725  7.36802094
  8.24459357  7.55096273  5.72100153 11.02083925  6.09509311 12.06976966
  5.06695401  6.07885293 15.4099286   7.02512582  7.11035962  5.12987603
  6.12628096 15.5424649   5.09293464 17.42991475  7.59870059  7.23375996
  9.02908067  9.30920133 12.21980005 10.11272775 15.23522473  6.37852132
  6.34207826  6.55233334  9.77403184  5.52952513  6.29984729 28.04043494
 13.79323263  7.70822486 17.58080355 21.8457726  28.136712    7.23761628
 14.41306666  5.7983346  11.65387708  8.89744306  6.73237881  5.30347442
  5.22857613  5.34865774  9.06675391  5.01086763  6.56092541 41.31239263
  5.99748867  7.21715193  8.86405841  7.25807266  5.51591878  7.44677637
  5.15204249  7.19496417  5.91048709 10.60467024 13.10625717 11.28346587
  7.51625987  5.54331975  8.64190766  7.51696664 15.85864098  6.82619966
  7.36398728  9.58784983 34.05900798  7.3081641  26.39830313  5.12004204
  6.06149319 13.518936    9.72004818  9.91001567  5.20966045  6.83693652
 10.75129617  7.31407686 12.49387983 16.27035257  9.30915979 14.85467375
  8.0549012   5.03348783  6.84264757  6.12844348 27.27724814  8.9952564
  5.88047555 13.93213844  8.28636016 47.14304539  6.2205188   6.79058401
  6.27509415 20.48313831  5.27251105  7.41231182  5.09549486  9.22929089
  7.29495512  7.81483524 11.25844325  8.23483708  6.85807749  7.38166892
  5.45385341  8.60643473  5.56129189  5.75021833  5.81211921  6.33752001
 22.88559852  5.39010061  9.50228052  7.06608786  7.65694331  6.02363493
  6.02516879  6.06350641 12.42569292  9.32153958  6.53850421 10.2639246
  7.08033989  8.97612894 28.07330608 12.074065    7.12049166 29.37033608
  8.88820837 42.15825982  8.08117219 14.31785252  6.36550809 11.92179069
 22.22562469 16.43186899 34.15533945  5.2371955  10.00852535  6.13571764
  5.13897084  9.32200207  8.67643382  7.38813485  5.37204965  5.42838626
  5.29661453 41.23372761 26.28109678 20.82973747  6.90803305  9.1276541
  5.49088001  5.8123492  11.85338807  8.31853148 45.59152566 11.63874616
 11.70179615  7.79793045 12.74814742  6.90337778  8.01632931 13.05116335
  5.53188434  9.66382667 11.59168996 14.85238486  5.02077038  5.28891562
 15.9822896  33.6889805   5.24194226  7.99212429 10.2558957   6.89111595
  6.43866803  6.39463577  6.10372947  5.43481898  5.45038074 22.45130983
 12.46621533 33.41830126  8.60252251 41.35708625  9.10344321  5.98795451
  5.04989577 12.8493818   6.2722304  14.62931003  7.30708986  7.8464921
 10.58842694 10.65348472 29.63363141 12.41788546 34.36205676  5.06850021
 29.56274717  6.11535638  5.6698701  10.77017492 18.13389659 11.50600901
 33.05005973  5.01982982 10.24151731 10.17406011  6.18323519 11.48039157
  5.85513576  5.01815116 10.61825219  8.26667209  9.19419389 15.31488232
 11.0879873  12.7918628   5.71971488 19.3111281  11.52401813  7.84611869
  7.72539222 16.39138586 10.14838844 25.9096525  47.69166717  7.00804004
 17.01497072  8.45195946 14.57344387 10.38378413 18.68999434 11.96470187
  6.47017448  6.72862468  5.30803329  6.06207033  7.73503703  8.63329371
 44.81060329 16.8759484   6.07564843  6.32022953  5.48168918  6.15301219
  6.08303649 10.42867202  9.07310611  5.83408758]