[ 5.16247294  7.32882021  6.54287595 10.84896396  5.99828088  6.09383036
  8.9601886   5.01750893  7.4713963   9.80263977 12.74558533 17.16237001
  5.00075195  5.13305696  5.65183001  6.66441508  5.3583602   5.40475417
  8.85206959  6.12694288  7.44889288  5.86777404 30.16234896 13.48176991
  6.71303536  6.17115424  6.12569199  7.18793227  9.11302356  6.29711285
  5.63233135  5.59762184  7.83831728  6.57807414  5.12298167  5.09062466
  5.24552362  8.66517207  5.43448838  6.47918508  5.3930926   7.30250253
 18.33229834  5.85487735  8.11521351  8.99612041  7.05824606 15.02344939
 16.69436271 20.49353005  8.62835232  9.00579953 33.51141597  7.74717605
 21.69378333  5.62116812  8.83134439  7.29716256  5.688378   14.23939184
 23.96183009  5.75051806  6.78453486  5.24740476 18.47234843 13.51178614
  6.74964428  7.21267119 34.03729534  7.32835822  6.92879223 10.39298975
 14.94201794  6.81839923  8.30885539  6.55832996  6.7489533   8.04370064
  5.94795899  5.30210769  9.77728473 10.12739021  7.61825199 13.50948446
  6.57545224  6.63498336  7.6745319   7.52161043 13.90841126 11.2338562
  6.63796555  6.74904637  7.46458908  5.4014386   9.37148583 11.851701
  5.46474982 14.78293097 14.56097257 38.91702775  7.24118328  6.3026567
  6.0287747   8.59247194 15.49928919 24.99185209  6.05720509  5.3627955
 13.53134367  6.55613248  5.54571324  7.67746665  6.98232729  5.22130563
 10.61470558  7.2425712   8.93466267 15.44739238  6.54806263  6.78216662
  7.75508561  6.14544815 11.83460622  6.56260795  5.73192244 15.17681907
 18.86229749 14.93463159  5.61472774  7.62172928  7.39227355  7.10049511
 31.73826671  5.27439438 22.66495877 13.30890496  6.3201584   6.41380493
 39.89756663  5.05016159  7.25971145 14.53159011  5.73302831  9.30235228
 31.40631556 24.4450787   5.41827951  9.9377035   9.87290166 13.14158894
 26.04232808 11.65724555 12.8559835   5.90928863  5.9809687  13.08773638
  7.86265091 11.64466984  6.15170079  5.93216769  7.59928591 17.28756045
  7.80391854  5.83987692  5.72933792  6.88159185  7.32366303  5.57215238
  9.82314753  7.93400711 10.07662045 17.3268023  16.04267529 11.42049968
  5.88663879 21.68545726  7.6063421  10.77600486 10.71660076  8.36907141
  9.66597651 16.80350088  7.47973927 22.10884464 25.63082245  7.70990912
 12.58870887 14.24749927 16.08862014 29.63922679  6.66300541  5.71458829
 12.86842662 11.32439084  5.32756083 13.98475089  8.87956262  5.56192786
 19.38554708  6.63019009  5.06886387  8.98405286 30.07355713  8.89190807
  6.27111455 25.68733281  8.468706   14.37062371  8.65229277 10.82655657
  9.56609518  5.36591993 46.46327985 10.20086047  5.53158172 11.03710242
  6.44432355  5.85973977  8.79395426  7.57433217  6.30822947  7.87835041
  5.98086292 28.67647943  5.13880519  5.3996824  15.50007373 13.59001437
  7.35786015 43.22100277  5.05044793  5.655869    6.56790561 14.74826869
 12.61488434 33.61696182  5.61596607  9.06867652  7.17380952  6.06740117
  6.99977525 18.6596807   6.26681886 31.43276542  8.02910976  7.86303351
  5.36316515  8.93314838 30.26640563  6.75054688  9.64561179  8.87938282
  6.13783895 11.81274192 11.76287214 22.82637229 27.65394119 44.90505602
  5.24637876  8.81702014  6.02419896  6.2829834   6.25739321  7.32231634
  7.54877418  5.68440552 33.68089593  5.60651009  6.51114494 17.61374406
 10.25430622  5.04659891  9.47340746 13.19273072  5.46218775  9.01416598
  5.46730051  7.19914743  7.42123703 26.09706617 25.88743185 35.21131756
  6.15822415  7.3226535  13.02637459  7.20205468 11.42362546 10.2888553
  7.46211744 23.66201055  5.57960179  5.655477   14.82262233  5.9658155
  9.9634724  11.89202804  7.1396614  31.83348299  7.43001701  7.91899718
  5.60196194  8.75637332 20.54089657 12.32540029 17.17455398 26.98358599
  8.62871646  8.25475483  5.0102869   9.56481364  5.32760565  6.93243859
  7.54035164  9.61069691 10.52303112  5.67824237 10.09725708 11.56914421
  8.41840082 43.82961837 16.26946146  5.02225366 13.17274637  5.57610172
  7.37481891  6.34363021  8.67942631 14.72345826 34.53459741 13.25533991
  6.18076022 23.18648094  5.12225522  6.30262893 12.94334825  7.04139509
  7.42248192  8.6132407   6.16010176  7.56466826 12.10415265  8.09509837
 37.71806117  5.19643454  6.26464862  7.18079983  6.9386028  26.95853828
  7.8604273   6.44403694 12.60666693 10.61480107  9.28233001  7.84333431
  9.64038051  5.2835433   6.58431869 17.75687197  5.09961003 11.32496397
 11.1551912   5.03399338 14.62681499 11.93273498  6.95175799  5.42579767
  8.34523585  7.630836    8.71357523 25.45703695 18.51161661 12.94329633
  6.50230798  9.35362762  5.96264263 21.69090737  5.34020988  8.36322026
 10.04496668  7.31303367  9.57994765  6.80733839  8.48968905 19.43784319
  5.03580091  5.13522278  8.4289093   7.61488466  7.82730331  5.48694401
  7.65420443 11.787837    5.28332438 14.44044762 12.85194075  5.86954911
  6.72363216 29.65863184 14.21865739  5.03782985  5.67871076 11.88400446
 14.46173256  5.62732532  6.1002427   8.58720596 20.84033415  5.91051054
  5.56534781 14.41477283  5.69779999  7.64476938 18.68993017  5.88886299
 13.40276682 13.08067813 39.59685425  5.12008344  5.52547309 12.41361003
  6.27172927 23.23290966  6.81409435  5.50481741 18.27555263  6.98152994
  5.20374535 48.60852532  5.69476076  6.90914282 13.83559519  5.21075614
  9.69241916 28.5735995  46.02324141 11.87957335  5.06126704  8.41448863
  5.50572382  8.79765523 15.93200931  5.2699445   6.50839652 15.4640199
 15.89340704 13.88309904 17.76726182  7.70660271  5.38021503 30.46900163
  6.48584513  5.07260155  8.29823456  5.56721273  7.11569074  8.22726639
  7.74371848 13.87936741  5.0648655  14.92445964 33.06560585 19.66175331
  8.466967   10.20514525 12.4885724   5.7304641  10.79782121  9.77543246
  5.78189011 42.25472347  8.98886916  5.87010275  5.32133762  6.95746304
 17.33791331  5.13936574  8.35180728 15.14473026  9.07510122  5.45346566
  5.64756926  5.52302298  5.45166517 10.34167695 25.18342565  5.34409062
  5.76304698  8.8220881   7.24309197 11.2641479   8.05070404 18.25298957
  5.45806581  6.11501146  5.21081007  7.2080701   5.91904117 12.49963287
  5.60456068  5.53863291  9.15744326 20.96159196  5.06848046  5.06791711
 16.25314517 16.81145758 10.72902382 20.61625477  6.6303378   9.27421925
 42.31322106  7.9537456   7.67695616  5.45660861  9.30580834  9.64042037
  5.32209573 10.50974035  6.71598357  7.19050743  6.32293521 15.04608846
 48.31950719 27.41005763 23.30980254  8.40823828 22.12856423  9.17174724
  5.59006757  6.85973146  7.05010206  8.01302273  5.07599688 15.02196741
  5.0380765   6.71354593  5.57245496  5.8991099  49.46525039  6.85676808
  6.36099781 11.44027828 10.79809407  5.33021246  5.84130943 13.52218678
 11.69303338  7.75747397  6.42221397 10.83558075 18.55358645 34.41056654
  6.159659    7.04257057  7.14419401 13.42530944  5.87426797  6.44290484
 31.64519844  6.16707588  5.4268762   5.02750567  6.62722256  6.6771309
 10.1836114   9.35364672  7.69272143 10.26473161  7.38633281 27.39286158
 17.91957126 25.355597   11.55749143 12.12801464  5.03018335  5.40988717
  6.051054    5.0353692   8.19950864 13.3117907   6.06314405 14.37953495
  7.91263791 18.58332614  7.40881046  5.36217167  7.15196179  5.16262548
  5.7859912  11.99035441  5.32782083  5.11476865 20.32868555  9.49888768
  5.0103356   5.08013136 11.38094683  5.82293477  6.48095422  5.48592486
  6.22083076 15.54096416  6.47965056  5.09709287  6.34452329  5.44550425
 26.43547083  6.67589354 15.45904619  7.71679655  6.85581307  5.08089192
  9.33533481  8.51435265  7.29594261  7.4759573  17.11235291  5.3514981
  6.42350356  8.69868141  6.75748949 23.90139609  7.21078561  5.44801316
  6.59316388 13.82673182 20.23620614  7.57988261  7.79857938  5.21580446
  9.24151975  9.3811028   9.54277543 10.73279958  8.22777584 11.97013487
 11.58809426  5.88066051  7.11522548  8.74742563 16.54592122 11.02577356
  5.05192902 16.84537759 11.85594409  5.61395806  7.94729899  7.47534357
 13.04852169 45.88418538  6.62938448  7.66062954  5.51312014  6.81358635
  6.29378971  5.11683275 25.91691945  5.29344559  8.21206321 24.86043482
 18.24028186  6.54443244  5.37290388 20.45320801  8.31912512 12.75369808
  5.38822035 21.54600922  5.30900989  8.55959404  8.2347773  13.98523931
  5.39474292  6.73444458  8.71310482 11.09449519  6.56488225  6.49042352
 10.45949624  6.41112827  6.91589238  6.95448795 14.96145749  6.74065426
 11.03114501  5.21441494  5.62266484  5.88522376 14.86986706 10.58339335
  9.40967558  6.61470817 42.02852327  5.26500447 17.92190198 43.07732277
 11.63545214 31.35163287 15.60191186  6.18181376  6.94140847  5.42646903
  5.22375915  5.714694    8.72730136  6.79957564 10.35944067  5.12331534
 15.50074321 10.10108333  6.80268303  6.34642858 11.76890727  5.64396728
 18.71644351  5.05410872  7.87745038 10.11094058  8.5108521   5.98855864
 14.81561871 10.84657336  6.31207652 49.13129269  6.88942212 35.55780009
  5.16905149 19.82235337 23.24551898 11.754047    8.26416404 10.74870358
  8.76541484  8.40804737 24.81826381  5.9348868   9.61078417]