[ 6.05705255  8.93205924  8.18442671  6.23010287  5.67393981  7.19716852
 10.34776359  5.66886991 21.21054474  6.16814606  6.69279515  8.85087255
  5.5929473  11.05604024  8.31424507 24.26667184  5.04995382 10.28012091
  7.22394536 12.80478792  5.31856375  7.74328482  5.0705384   5.50682058
 14.56559514  7.47167096  5.31666656  5.02121402  5.84440753  6.71099949
 11.97862707  9.0221218   5.70755287 15.61983907 23.06872151  8.41197817
 10.64891547  5.74173665  5.28456099 10.35701046 17.9333193  13.07841241
  5.17843381 10.12643029 20.03085883 11.5054792   7.66881479 24.18108787
 10.92475949 10.37048537  9.49820253  6.68513345  5.8726595   9.29797726
  6.7477278   6.44320838 13.40978453  7.69619686 20.67334137  8.15180817
  9.16610957  6.09809689 16.66607035  9.32102841  8.8418997   5.49213205
  6.27525319  5.10670729  9.90560515 19.67120549  5.18735336  9.16068819
 10.46125567  5.2381277   5.77170692  5.53280892 25.74302376 11.20703873
  5.51100747 11.5605119  32.35660509  6.77514773 41.95662497 13.41913423
  7.20960906  5.07790428  9.84362518  6.80098939  6.62724384 13.09942298
 10.38090441 13.10867481  6.90684973  5.12623342  9.05052485  5.02696187
  5.86546924 10.03460943  6.06724116  6.65422408 13.81098041  5.54023496
  8.65285998 12.34512793  6.77782074  5.17674352  6.83586192  5.26585245
  8.22243806  9.98572649  5.79864726 16.26709072  5.11675973  9.1987947
  7.5582991   7.57740721  7.38006165  9.32508757  6.96745101  7.57127383
  8.39005656  7.61953476 15.21738182  7.30658414 12.43643187 21.65656332
 12.35457888  6.80469418 11.67426855 11.76639001  5.9275174  37.63213221
  7.01347356 24.18279506  6.19229937 18.12443757  5.29094218  6.15116017
  9.94138197  6.82996467 10.20677365  7.51962679  6.82208806 22.86792863
  6.94169061 16.17875346  6.7942338   5.75923127  8.9457027   5.03752379
 14.54308291 17.86934324 23.23235019  5.9755629   5.23616643 14.62852731
 24.31487311  5.53473301  6.94785581 16.93498708 19.64371936 16.67847309
  6.52734588  7.16361155 13.8534766  31.92019713  8.60597727  6.15472966
  7.1505034  19.67521924 14.52354384  5.24156263 40.27744939 11.25983987
  6.21844552 10.91658035 14.67440964 10.32096633  6.19572329  8.5226743
  7.23069636 12.32490722  5.15338255  6.20941792  8.00219196  8.06918705
 12.78609105 14.15213636  9.17310589  9.0785854   7.12124651  5.56492557
  5.44441835  6.50936888  5.76307147 10.81236176  5.6983395  15.97632452
  7.35031237 25.27591299 20.39590209  7.7208575   6.05530172  5.80518989
  7.10646164  6.98896255 12.67299282 22.63364972  7.36063033  5.07393782
  7.23368154  5.00796102  7.29748916 21.16371482  7.42901993  8.6664203
 13.12185422  6.30610629 11.80017533 13.03921411  5.76454725  5.60815411
 13.71698501 15.85644621  5.85300881  6.10210729 13.7456031   7.06376318
  5.33356442  5.67149429  6.74974388  5.22630055  5.80982224 10.30681092
 24.45437128  6.92173823  6.2168003   8.35984682 19.42219753  7.77170117
  6.91387847  5.26084847  6.78882269  5.33416058  5.23658706  5.22565927
 23.95630487 10.10175944 17.33694069  5.4014111  11.79390151  5.6542948
 24.34237553  6.29569916 12.59576779  5.83747474 11.93190136  5.18794236
  5.33369158  5.05301252  9.92364065  5.15107729 12.64979318  8.22411204
 12.81048743 17.23585234 29.16993418  5.00716978 11.11480798 11.26391988
  6.04063535  7.70576899  5.14875091  5.41029874  5.34581537  7.76584917
  5.1271883  13.76155045  7.10335876  6.79606749 36.8141532   8.78776383
  5.06256949 30.9819226  27.42550517  5.58808306  7.14958319  5.94860138
  7.81878511 15.91113045  7.2629981  16.60759682  5.06012881 41.26104288
  5.80093251 18.22391398  6.83147009  6.52199098  8.40624716  8.97545933
 14.81760764  6.84494068  9.00973049  5.09839123 17.53666545 12.44026997
 10.40371712 10.54930061  5.6071448  12.77335782  9.09514386  7.44546895
  5.24854201 17.20640435  8.98065391  9.18928123 14.78500762  8.35126879
  7.53507386  5.05902036 10.2527694   5.62420793  6.67422018  7.28195098
 25.83712267  6.40500553  5.37203853  8.0835374  33.72076599  6.66109989
  9.89093525  7.11028989  5.73690704  5.37677376  7.65008181  8.75213403
  5.04438394  7.2449869  33.93516863  5.98794394 12.14756381  5.41645577
 37.66538641  8.95454569  8.9360279   5.77159313  7.71490585  7.42116663
  5.26795069  6.69175412 20.74444321 22.93559119  5.50626547 17.75341053
  5.50490828  5.78290878  8.52415796  5.57972884 10.62504812  8.35702854
 10.84638736 21.50441312 12.70968091  8.4343166  24.31476081 13.24970222
  6.47770155 16.64711259 39.78891207  8.27037859  5.82202004  5.79495643
 28.41384332  5.26443777  7.72825517  9.37905843  6.61113649  8.37339215
  6.49627526  5.18165091  8.58972589  6.67187103  8.67763083 10.27948892
  6.93585227 43.26732688  5.89559487 10.96178927  9.30692774 15.82158389
  5.84766196  9.93303804  5.13885978  5.58818546 26.49847534  5.24349093
  6.64780397  7.88519289  5.22925165 11.44640175  8.4510391   5.40262742
  6.4091772  10.52270277  6.97537731 21.78882582  9.26251229  5.70090136
 23.90730559  6.22551068  6.8455679   9.48409608  8.67608984  6.72863016
 30.47880802 18.21527641 12.4143618   6.83053117  5.92735511 11.63196039
  6.53704514 12.13177445  5.41271416  5.42881388  7.5848469  10.60730711
 10.39611391  5.07186046 33.9143072   5.61378952  5.86423043  7.09411426
 16.41370499 13.41527388  6.38606125  5.37041349  9.56258283  5.72389228
 28.7827772   7.85670896 10.2318284   7.7743021  12.21098975  5.11429858
 15.13362417 12.32085343  9.84398813  5.41046329  5.92513174  5.45955562
 14.44570366  6.18370341  7.41755027 16.70619691  6.22266139  9.89361707
  8.07007568 18.80812703 11.52422253  7.37457613  5.59573199  8.5732924
 14.70466991  8.95301783  7.63549633  8.85481025  7.81734028  9.55724754
  7.63959882  7.13158806 21.20540901  7.18213687 14.66457282 29.51085069
 33.60174663 35.30470874 10.69126513 11.39113278 47.87543019 28.7112538
  8.76655772 12.16631764 11.47671735  8.39915731 22.42467308  9.59717515
  7.3699971  22.66988957 11.93841181  9.93628449  5.17689115  7.97367388
  5.93575152  6.81056178 18.51838308  5.33941934  7.97958467  6.02922487
  6.91114276  6.97655282 17.3031484  11.28320518  6.41735019  8.57424098
  8.31008351 11.71509688  5.14200521  6.10111943 44.22004466 42.08432664
  7.23861491 12.98298712  9.32801165  7.26136295 11.40301819  7.75804626
  7.98227586 45.65925243  5.52731043  7.53363826 13.44927675 14.17380916
 16.08728939  5.50406593  8.58221997  5.44325149 21.8847421   7.08522498
  8.03690433 32.33730829  6.90446423 12.42603269 15.05556811  5.54940088
 11.13507966  5.25628004  6.12585432  5.00465572  5.95069763 14.51445848
  5.80117291 47.81078122 34.64605733  7.43145939  6.02031236 18.47820514
 12.75052269 12.12650025 10.53941951 21.40655477 10.00704744  5.18604497
 48.70974479 14.73661473  6.65064403  6.30210481  5.77693673  6.47104754
  8.79711932  5.83431459 13.16724437 16.48512512  5.27220929  5.61972769
 15.54216311  6.69116592 10.99747217  5.40188482 23.43503245 15.99245546
  6.43933814 14.5329688  30.44969567  8.88206015  7.69603383  7.77135389
  6.42090827  5.41585495  6.11523779  6.26341849 13.27914795 15.96653263
  8.46936085  5.18690722 12.36983266 14.30990765  6.10181286 46.08791067
  9.47136302 30.82492151  5.55499962  7.01544277  6.36960047 10.74345085
  6.83276474 25.6467698   5.33930991 11.90148036 12.59317381  7.28609056
 14.8480021  10.62655926  7.46259129 13.13343527  5.00580808 11.255521
 18.13737135  5.35548602  5.69019699  6.21396525 15.31687798  9.79349292
  8.29188572  6.65381016 11.5574019   5.17736186  5.98545107 13.2407594
  7.42947297  9.48878935  9.47630018  8.39691858  5.56152433  6.59923772
  6.70246782 19.5307701  22.19069188  5.99727723  5.35366033 12.63039445
  9.2143051   8.95400233 49.73228128  5.19428221 16.01084544  6.89862856
 15.5074409   6.03827311 14.89768373  9.42215894  5.37088456 16.00642724
  9.32159945  6.74938074  9.2611469   6.26160217  9.0524107  13.75127714
 14.57608359  8.75033729  7.02285805 36.44798236  5.3407983  11.25660384
  5.55494481  5.73509238 12.50283763  8.3186167   7.6379355  34.82716294
  5.63079316 34.55346211  5.21157221  6.51679314  6.94667139  6.27454292
  6.46362686  6.36221278  7.73080791  5.36696174 11.38844     6.53853102
  5.22342285  6.54660074  6.13753981 22.48818237  7.8408295   6.13426629
  9.84280643  6.81034629 17.57687871  6.95928409  5.79108999 20.95097258
 33.07192695 10.82316443  6.26846191  6.11905466  6.9567325  32.37872542]