[11.72776765  7.46560553 11.70580947 25.86631055  5.80656608  7.71753397
  6.91704717 31.13493621  9.70081197 19.85061228 14.96678073 11.2389964
 17.51444413  9.56054494  7.05183993  6.04582522 13.39842537 11.85851214
  5.01516538  6.62212077  5.77019564  9.88970513 14.49760019  7.59877426
 13.38803319  8.51352577  7.66972045  8.26245236  5.26771848  7.98579123
  5.96827609  5.92649201  5.84864571  5.70172649 10.10738165  9.92401546
  6.48775195  5.37198686  5.25239008  8.1211765   5.74143684  5.3182847
 29.00890561 13.81127183  6.05734746  5.38431599  5.4628995   7.04603145
 13.86827039 10.76905685  9.92923274  5.97052359 11.96899311  6.17942284
 14.26166671 10.3035192   8.99208873 10.50316051  5.89122514  5.57278431
  9.61977642 17.76586056  6.11510684  8.49254218 11.37506317  6.78860945
  6.0075445  16.81798219 17.63680327  6.07639051  7.91892491  7.82027624
  8.19749905 10.64008808  9.04159813  5.55908243  9.74252406  7.51473001
  6.13229719  5.14178718  7.61297428  5.68096036 21.70313905  6.74180767
  5.28405421  5.1168036   5.95505948  5.02411932 22.18928939  8.34285214
  7.98514444 34.50058496  9.98107825  7.12263192  6.60671973 12.27787522
  7.45455643 44.33366596  6.57669931  9.13720776  5.94874852 32.89395628
  6.28413811  7.28196956 28.84822528  7.53939719  5.66322442  6.6464982
  5.56259297  5.43473125 12.62404123 17.98301492  7.89008174  7.50385419
  5.51199816  5.56030755  8.88162838  5.03827738  7.70826407  5.21166833
  8.87276406 13.85896794  6.81126454  7.99461102  8.59016282  5.52179921
  5.07376819  5.08583637  5.89881684  6.17670703  5.58635511  7.07874536
 17.72752343  5.70981805 16.38820452  5.22023394  8.94948112 13.29213095
 36.31943159 18.96787656  6.82120082 17.30497972  9.83135963  7.37515583
  5.68603408  6.84832615  6.32383908  7.97540464  5.07149499  5.40918208
  7.07220554  7.60212948 12.35227993  7.06110463  5.21833684  5.1954899
  8.25524634 34.83323517 35.07299743  7.57828759  6.90390889  6.25422322
  5.79417671  5.92582362 36.14523582  5.28662893  8.7004419  27.89506261
 31.81431382  6.73304027  6.54252769  6.59074916  5.79729508  7.82117485]