[ 6.07750975  5.61100311 10.67188259 17.43367644 12.06866624 22.78022456
  8.89372427  8.98610363  5.86196146  7.95607385  6.55344575 27.05827508
  7.8795513   8.52672377 13.76628623 32.02791376 15.95689409  5.42577084
  5.67114832  5.02428444  6.51985645  5.79778492  5.48596329 15.01058262
  5.56954161 10.32162646 16.26800377 10.60896765  6.4378865  25.52057915
  8.96326183  5.12236388  5.50390253  5.40880617  8.48406238 10.86298229
 12.69933927 11.33977669 34.26519187  8.45199088  6.17596911  7.3618888
 49.31377197  6.21873546  5.14675136  8.10402354  7.08819712 10.38894752
  5.85458807  6.11199883  6.17400924 16.53927847  8.16956032  5.54959325
  5.678305    8.2031491   7.35267106  6.30237791  6.75320489  5.37857714
  6.77877844 11.15320213  5.92433638 19.98737463  7.70073687  9.10137978
 24.51259561 15.43307713  5.18555252  7.26104819  5.57514123  6.18430533
 20.07856495  5.83220823 22.43156391  5.61432057 42.78253821  6.64062865
 48.55913324  5.31106322  5.41665582  5.12596237 40.33005478  7.77995703
 19.1875935   9.2324167   6.55458468  7.30084878  7.65585983  6.67332534
  5.75912767  7.15257191 11.10691179  8.19943641 18.05686446 14.6025339
  5.6153543   9.74804489 23.73207887  5.2803799  12.4661742  35.76863698
  6.04187889  6.20083893  7.04061973  5.77932982  6.74118732  8.37269569
 18.32792751  5.68437961 20.24101896  6.30107556  5.3971863  10.68084825
  7.49513173  5.84742974 22.7762737   9.89738766  5.58674276  6.94102493
 19.46695607  5.39934156  5.54484504  9.9767094   6.72402102  8.89484497
  5.48544071 31.57402084 14.0059768  15.9139212   8.04760087 12.93071644
 10.80385958 28.11891345 18.65287776  8.77499731 13.76607742 16.11698958
  8.52275883  8.61031666  5.69289088 33.92474239  5.11187016 46.08684302
 14.99908884  5.92511789  6.10421483  5.11898666  5.42213013 24.15466112
  7.03585392 14.60617592 16.5192538  14.16960687 14.58549264  5.16532376
  5.34492165  7.51135263  5.61821137  7.38044362  5.07768393 12.48166502
 23.2854882   6.88563705 11.0210155   7.50493098  5.36032899  5.6180002
  6.05816553  9.78768072 29.20597269  5.0462773   7.64266823  5.74086423
  6.73800247  6.55042337 13.14240131 11.38175892  5.58931667 16.13776651
  7.73628084  6.60555835  7.56370043  5.63335665  5.67640864  8.53740121
  5.26282996  6.17869459  5.5186336   5.76964988 14.48331134 24.23877498
  5.85094017  5.22929108  9.7688947   5.27536338 20.56408288  5.60210859
  7.58754738  9.00565062  5.76347593  9.86803863  6.42130416  5.4716559
  5.92327058 13.06473987  5.13928205  6.66881493  7.24897759 17.30750533
  5.59657716  6.19824211  7.20505673 10.15525979  5.11113438  5.26978997
 12.1593869   8.98762655  5.09371944  6.14595056  8.14275218  7.16039171
 13.54465897  6.59486034  5.52271523 12.1104504   7.47600862 20.57274047
  9.48272247  5.58434229  5.36214917 10.08626936  8.58649561  5.42977753
  8.35442595 10.30263061 13.50289238 14.43584236 21.80595526  8.12176872
  6.15296847  7.75773936 13.65526726 30.75582823 12.2803654   5.09449125
 22.06068655  6.12022809  6.05063458]