[26.90886939  5.80430639 11.73725163 18.3366895   5.78617703 10.4745118
  8.77062603  7.83919413  5.10208266  6.48795322  5.76833192 15.73291945
 11.30116247 13.89805336  6.0260678   6.33879593 15.81309584 14.6889015
 10.02216909  6.10282332  7.95416773  9.32125601  7.69906452  5.89660515
 24.4044497   7.61857635  5.67052696 12.10050852  5.41873662  6.36467276
  7.07399354  5.11152211  5.99765268 11.89154437 16.31513862  5.89947312
  9.31424442  6.39093806  5.74151076 20.08206695  7.43900694 42.85874976
 24.02845166 12.4357297  12.84022832  5.16890178  5.91782656  5.54571768
  7.24034087 30.1815805  13.23345036 19.72199887  9.89157613 10.99250792
 21.78599025  6.71628394  6.92355296  8.02335808  8.9955496  10.30069735
  5.06729875  7.98001418 11.10666228  6.7282231  16.39342542  7.63658888
  6.86080485 15.61864793  6.57562491  7.05437125 17.62403452 26.75268441
  7.93304056  6.17938589  5.76558097 14.25613141 10.32017585  7.86175983
 13.0368967  13.91357842  7.11081019 13.01733537  9.56264595  6.49036419
 11.21539376  6.39155253  6.93763013  6.67063225  6.68158565  5.67940537
  5.19940839  5.25986199  6.06266218 14.0864844  11.20727835  7.31813122
  7.3257883  20.53867265 42.31822041 42.69753852  5.11816561  5.85256138
 16.80940463 14.96912691  5.92415912  8.37930471  8.65853004 17.72685692
  5.35368198 10.35323574  7.59383119  7.21248152  6.81340844  6.14579108
 14.42730193  8.69791351 24.88166725  6.89739855  5.35875892  5.45746187
  6.08987339  5.50470544  8.51633476  9.60606366  9.60177564  8.6813593
  8.83424381  5.30237474  6.96237232  6.33487126 11.93269956 12.72172689
 10.05790962  7.96724905 12.18016536  5.37985944  7.68622747 24.6059158
 14.78407601  5.31929445  7.82134701  6.14004181  7.35099001 12.62299262
 28.44592271 12.95897511 11.90512066  6.29172703  9.09060811  7.55753948
 11.82659265 15.78581526  5.16715848  9.89862456 14.43503777 16.27626559
 10.63320632  7.1517077  11.04202704  5.09026101  5.00723225  5.04839044
 13.5878898   6.00788514 16.16242249  7.10091139  5.96465421  5.0609361
 31.31939421 31.06589085  7.42802809  5.40181555 10.2443596   6.99882999
 13.94624292 18.32543953  6.28650851  6.16634835  7.416854   31.11154013
 16.87083907  9.22140642 20.97960173 16.18048435  7.05485501  6.21099677
  8.05844386  9.10003394 10.2147767  14.78995501  5.45091402  7.75914727
  6.9495716   5.93336019 45.23710082  8.17520547 19.18183147 14.12404863
  5.59831791  8.50675608 26.01887454  6.2763402   6.60044137  9.48157506
  6.81035753  5.15848939 15.44564736  6.89706714 10.06205416  5.31082834
  7.30541359 15.38925331  5.68342151 12.25393645 12.44724615  9.89272592
 29.59988319  5.83528701  5.39683817  9.45103283 24.66232229  7.51798385
  5.1139583   7.13085303 26.24825566 27.20685262  6.97497338  8.34791376
  9.213909    6.95241351  7.49553107 33.00476471  7.27812988  7.22171019
 15.67123638 13.25494241 12.98630097 10.74608419 12.29237999  8.03547141
  6.8849636  25.01625513  9.75978716  7.20427614 13.99649237 16.81066521
  9.73896152  5.93243886  6.3569739   7.72066974 18.34986243  6.85266512
  5.82450753  5.1832258  13.15940349 10.76985335  5.06386226 10.07251148
  6.72063075 16.09242178 15.05494882 14.02927627 11.35302823 12.15110464
  8.9028421   5.20324877  5.86799627  9.40850288 17.77798631  9.34877798
  6.21872922 27.63320522  7.11931309  7.13592387 10.74755394 14.92157289
 11.71023375  5.55119462  9.63337561 20.12229952 13.47105464 20.22664529
  6.1581907   6.40426499 43.90251315  6.9383411  42.5853189   9.50204512
  6.93045343 14.27492211  8.85952451  6.84711802 13.96043148  6.76464827
  9.40497563 10.46039666  9.00783695 20.34276465 29.45365049  6.33930258
 19.74966662  5.37865235  6.15625882 19.49971315 47.67435707  7.40948023
 18.39315871 15.88520602  7.03034153 18.01669231 17.00633578  5.45160256
 20.28976762  6.68638575  8.91422492  6.14047476 38.56205163 18.75008378
  9.12135011  7.83192339 13.37480056  8.04464364 18.95597044  5.54742471
  5.68183578 20.75721917]