[ 8.25346969  8.31155631 10.1640581   5.49341968 10.9719348  17.26542956
  5.01017146 32.20640529  5.24182951  6.01498859 14.83619599  5.90836254
  6.32793752  5.75678783 33.12134092  6.5704571   7.17271525  7.90413902
  9.61050419  5.81651455 37.86359205  9.45620485  7.62407429 12.86001823
 18.30860677  9.88657512 15.93383113  5.39760646  6.09749315  7.26243106
  5.49565186 21.78968437 11.61408391  6.97345561 21.74577379  6.39633097
  5.95101389  6.28288374  5.83434191  7.727733   16.88293612  5.17415075
  6.96459318  8.69427061  6.13894083  6.48044345  6.23417084  8.64127901
  6.1005835  17.4345006   8.85993496  6.52446394  5.52482868  7.32724954
 12.46365647  5.37960629  6.04468005  7.61294601  8.65242297  9.58309247
  5.42378457  6.03249158  5.85288506  6.5335555   8.32140796  7.47864909
  5.41374497  5.43811938  8.80821985  5.05016532  7.81141814  6.30080034
 11.30253722  5.34109069  5.89381246 20.01019364  8.40399893  5.37933366
  7.48942422  5.05228856  5.96497248 13.69752569  6.82178244  9.19291753
 30.2993151   7.48960068 14.74908807 11.63411385  6.80325752 29.79893726
  7.68796944  8.62856142 43.03301972  5.30467478  9.83615424 25.0140328
  5.90461542  6.15081934 15.17841317 12.59395749  8.34645969 25.36226584
 13.58734475 36.40799075 11.37587141  5.13087779  5.47377299  6.51939133
 19.43653612  7.92988321 15.5853549  18.34292646  5.22139055 35.09279905
 10.37950853  9.21112787  5.52277907  5.38287878 15.78803416  5.42033113
  5.13960751  5.77960424  6.46519643  8.11870996  6.24151276  6.83677675
  5.78505471  8.96127018  5.66533905  5.87222063  6.39212583  9.26265193
 16.91900835  7.48630979 11.56148583  5.61430172  5.44139925  5.36313867
  5.124722   18.20132413 10.72668906  5.39698019  5.09477916  6.25126406
  7.79166428  5.77116019  5.4023893   7.0176496   7.90855521  6.93227174
  7.40821887  6.37199099  5.94673828 37.32608546  6.60348683 13.48251854
 45.10785064  5.14901242  7.36632914  5.31091284  6.40132097  5.47512699
  5.0646293  11.70815476  8.34433016  9.0139985   6.86585291  9.29885072
  8.66231059  9.79501873 17.45789973  7.2942614   5.80620389 12.48432405
  5.73660046  7.40008878  8.2772826   6.87154852  5.3016667  11.1653225
  9.3536799  14.49046359  5.50382062  5.92339735 11.22231662  5.06249634
 44.44005642  6.15738896  8.17836351  5.63230667  5.30740393 23.4360078
  7.8800369  15.02629725  5.77253461 47.60336706  8.68817797  9.42367389
  7.04148505  7.30056838  8.67557987  7.13961491  6.54624462 36.6207677
  6.7468371   9.40848557  7.82880785 16.2182312   7.53638641  7.43930849
  9.9505099   8.38601706 15.82775852  6.22583648  5.54381458 10.57975762
  5.19709209  8.43663721 10.28734177  6.38945066 31.98113023  5.50680659
 16.35707398 10.75423316 24.33686289 27.93043922 31.82357549 21.3747809
 43.64685548 12.54808483 11.10753184  8.75650856  5.93213407  5.25816948
 38.53934086  6.48401041 30.81330847  8.05263065  5.6957678   5.42616403
 11.41559087  8.25307904 10.73399378  9.98217704 30.88825378  7.43146208
  7.10831217  5.16548411  7.09046177  8.57402325 17.30339712 10.39200108
  8.42330016  7.15746475 14.2627744   6.35158687  6.05329651  9.99938236
  6.97716068  6.44553139  8.83644302 18.96349123 25.01746698 11.19451537
  5.23151598 12.62419296 16.93505124  9.82716638  8.87339935  5.19098518
 13.46198032 36.65470575  8.080472    6.16093282 10.75719682 16.07385941
  8.23747167 17.34986359 13.34692473 11.11775835 12.77406723 10.04414739
 20.51111424  5.50065287  9.78558265  8.85619106  5.74530289  7.79491635
  5.3021659  16.79039111  6.90180458 14.34602419  7.68744681 12.47835519
 34.27671502  5.00706843  5.25382848  7.17051894  5.2215196   5.87679005
  7.64911809  6.44560803  6.4992612  10.92391674 10.88110766  8.02015112
 12.96167385 11.27171161  5.73111052  6.15875774  5.84471913 20.79380115
 10.19281529  6.13074535 25.19038685  6.55004438  5.49914566  5.82533909
  7.52199923 13.69241528 25.98170678 30.57295406 12.19214299 13.59969832
 13.79114297 18.8675565   5.26786116  9.40849761  7.39065341 16.68810589
  5.85600304 10.34465002  5.26124482  7.37334773  5.17334516  6.47322698
  6.45614211 15.13105381  5.89240851  5.09889989 45.51196123  5.49482251
  9.44840214  7.77245588 26.95320716  6.79270734  5.84217798  6.43992914
  5.20195359 10.62052199  6.40894177  5.11011647  5.66233974  6.30544294
  8.61996768  7.28196577 15.47994511  5.31342491  6.57157846  6.56066797
 15.13501401  5.90971568  5.99681341  6.52518557  8.22875022 18.98207372
  7.51756019  5.51457645  5.99547098  5.9413767   6.18499871  7.16863623
 15.35090893 10.22426533  6.16572631  5.77346783 10.14068209  5.42802358
 15.00876275  6.75053984  6.92652068 10.16725712  5.27790551 14.41472434
  5.55486618  5.11642828 11.23549595  5.21160841  8.4741841   7.60020786
  8.94563611 11.35634121 10.78559299  5.09005112  5.50546685  5.17413851
  7.23578963  5.82044355 14.63797341 10.87118623  9.29513265 10.80307824
 21.89124689 42.8099603   5.18850403]