[ 6.73393284  6.10951233 23.70965513  5.41821583  9.64282898  5.48962374
  5.88533847  5.37177923  9.32825569  5.10304362 33.53447377  5.19467257
  7.98956949 23.4129066  10.32954544  5.22432584  5.50098881  5.85045547
  5.64850438  7.53827849 24.42641139  7.86714228  5.30865509 10.4055321
  8.11094641 12.23169702 26.55885844 21.17979609  6.05398213 13.88769727
  5.09032742 10.53310885  5.00476001  8.80468617  6.01353332  8.06705318
  5.07121415 20.26982474  6.40947669  5.36869312  5.2050525  19.16096
 22.15321318 14.9868168   6.76891815  5.89699628  8.25604293 18.78960943
  6.40233849 12.67273435 18.2527678   5.15156551  9.70313448  5.69499917
  7.07264228  5.11178093  5.81074746  9.40395383 15.42986711  6.23986155
  5.16080119 26.10538394  5.89794206 17.19060585 14.81473056  7.43958913
  5.55150358 21.60875361 16.21833111  7.78540466  5.677794    6.05729323
  5.18844904  8.19132938  5.99659131 11.29586366 12.26315714  6.7831372
  6.70010469 15.29643755  5.69413483  6.33696033 11.02071431  9.72865851
 15.51965459 26.90092271  8.97544757  7.41773616  7.0380463   5.47472556
  5.29751422  8.19063924 25.69340088  5.12793339 27.88822114  6.23975858
  5.33858614  5.67874887  7.87597635  8.79351821  6.05171142 15.47845559
  6.37607789 16.72400132  8.60756275  6.1915778  43.45594314 10.17973558
  5.73018853 23.61235434 49.42310269  9.96537257 11.55802078  9.39779233
  7.10257644 22.84879302 13.69624794  5.10682423 16.92063998  5.81323254
 24.88212287  5.06156455  5.90539434  9.86479223  9.74161568  5.3546334
  5.43098453  5.38856749  6.442846    5.95267437  6.47446939  5.58847845
  6.80963752  6.85223428 27.49225585  5.23237668 20.78920625  9.2973409
 10.69260182 13.81377412  5.71086574  5.59109791  5.66626401 24.12924515
  5.15537074  7.54199444  5.70128685  7.21526415  8.51216568  6.67296816
 32.05158337  5.18451201  5.50856795 10.58222683 11.03491503  6.41176585
  7.12386909  5.9962874  16.52388068 11.66461633 14.09520834 14.900432
 12.33045548  5.45154922 33.19568311  8.0370327  28.31279032  8.76695912
  7.18741816  8.2567058   7.19260892  5.00882781  5.41509857 34.50422754
  5.99523321  5.8970049   6.82107763  8.02876231  6.25538856 11.37827301
  5.47366856 10.42714385 13.03670046 34.51513272  6.44389362 34.25258643
 24.35964791  6.98186703  9.08625425  5.08342468  7.049064    7.54718408
  5.28827593  6.48411163  9.02973544  8.50251976 12.87154515  7.04782069
  5.53760005  6.28979686 10.4289483   8.66508405 16.68625576  7.59677715
  9.43316714  9.90930806  9.90736388 45.64043122  6.80178869  6.24591364
  5.5105689  21.41465329  9.05740426  5.21437648  7.62718663 12.17267971
  5.49000652  8.54584545  6.12979411 16.93953101 10.21356666  6.01374101
  5.7776016   6.09426375 32.3243866   5.67438001  5.24123588 17.80228666
 14.11189748  5.82174558 10.19157759 46.39543123 12.79160008  5.79715815
 14.23373024  5.54655994  7.9736482  10.21998065 26.85609545  8.15157522
  6.11812053  5.0333821   5.10761288  8.0652422   5.24666143 22.00191815
  5.86098037  9.79280469 13.0869215  20.12834273  5.1853431   9.90047225
  8.31124926  7.9221031  11.3435945  18.98104022  8.79836705 10.37059721
  5.05538026  6.12957949  5.34454008  8.59744555  6.2291361   5.26555306
 13.81417365  6.8712104  18.66288557 13.00729519  6.02369544  5.64288453
 14.71006974  8.13535475  6.08739793  6.12682753  7.91515929 18.65092851
  7.39216965 33.16165645  5.31658503 35.75385916  6.72673196  5.17429315
  5.90555285 23.99855187 12.4143901   6.4037251   5.05871293 19.22374206
 19.3957835   5.04987476 22.51702384 20.67664875 17.91479547  7.760491
 12.5281239   6.29438893  6.06269903 19.70591632  6.29209056  7.96722175
  8.7926176  40.18877812  5.86219316  5.2967269   5.74333635 10.47711915
 16.07899749 10.87383351 12.5833127   8.15224448 11.44215734  8.05338175
 13.92931338  9.31086695 16.34631827  7.49435721  6.09099373 14.40051581
 10.70856516 10.09051561 15.84093894 15.20355078  8.26144111  5.38882114
 22.11166241  5.21402868  5.10085435 30.8870343   5.89323054 14.08791181
 44.41214989  6.13497628  6.74026006  5.61695797  9.02541253  5.78227376
  9.01999903  8.48292339  5.32353739 40.94054978 10.3896186  12.0441412
  7.2595057  38.30620397 42.92134658  9.67740692 28.13945538 34.33989416
  7.76655806  5.4816244   5.14103593  5.18954229  9.57639246  6.40211213
 31.38109935 26.27124838  5.30986417  6.07949714  8.1045332   5.44926529
  6.54830896  5.80840696 22.15882203  7.30290533  7.65096106  5.68668074
 10.39161585 38.12540696  9.72760462  8.69050789  7.19404057  5.21199758
  5.88875609 13.72258066  5.46238631  8.91646244  7.26530687  7.22985273
 19.60092318  5.54758392  8.33130533 24.07238952 13.41594262 14.09936346
  5.8527916  19.6054879  26.10751598  5.24635301  6.0906332  12.7803026
 12.97078653  5.92856273  7.06280095 14.81393707  6.12801561 27.03574065
  7.39454519  8.67686226 10.48264265  5.86135991 14.13784756  9.58059039
  7.83393946  6.902889    5.83429341  9.37347496  7.55704738  5.07562624
 16.75893932  8.85791836 13.69402095 12.97766443  7.09007114 11.25622737
 11.52921597  6.07993549  5.02883576  7.85347391  5.39109876  5.59845466
 46.99293386  6.89248694 11.21143988 15.32497611  8.44821736 15.82865429
 11.28434306 13.02364991 17.79205068  6.27453762  6.55947571  5.88771311
 13.72285729  7.95186835  9.82624419  6.73399786 11.74003741 10.14956979
  7.35889845  5.28920607  7.99194974  5.60718791 28.83974251  5.62490238
  6.00310124  8.06748523  5.03917829 14.54034619 10.1637107   8.42249558
  6.91151686  8.67453415 10.42770322  9.39749457 23.77588953  5.44892928
 40.5876937   5.41796423  6.08948577 16.20642848  8.53072282  8.81450933
 24.80372554  6.79912314 21.92549531  9.91436844  6.56247943 19.94899074
 13.20668967  6.13058491  5.71725778 27.46211534  9.40054926  5.64952568
 13.21087528  7.59530606  5.97544654 17.92008105  9.81840256 37.152229
  5.07843691  5.03681486  5.56360439  8.13197397  8.37168567  5.85578507
  9.25244449 21.57440621]