
dz = 0.02 
test = [0.5764523554668122, 2.192460953692654, 4.913727452892044, 8.750039441529387, 13.673605854180408, 19.482765627498484, 26.19209574365854, 33.77595795254833, 42.18626509321855, 51.399429441124596, 61.51695184175908, 72.40118812138262, 83.98221283282598, 96.21252901414246, 108.88898465544477, 121.09923800268776, 133.44006631673892, 146.0132514637367, 158.7772424251285, 171.73784369080064, 185.09873465483142, 198.62714594780962, 212.2473318337217, 225.92855565620363, 239.61928695807975, 253.17283306190927, 266.6699769802991, 280.11063455261467, 293.4743230454513, 306.7042386715014, 319.58628715070256, 332.2849212790412, 344.82424970356914, 357.19250867131746, 369.61074192759486, 383.2568800409776, 397.0084778739825, 410.6250281128308, 424.0952178799689, 436.81690246857045, 445.76763522176157, 453.8206006537888, 461.56526112749486, 469.0059257242928, 476.0539591310773, 482.2417139854616, 488.0329633314656, 493.5275009790693, 498.73260551831584, 503.2996518467818, 505.44088865054465, 506.9228628594284, 508.1119432874399, 509.0200484982399, 509.73878504860363, 510.6812886089008, 511.4619513248331, 512.0111705135068, 512.338771075199, 511.4739933025717, 504.5112247619818, 496.34506641849185, 487.97131077683315, 479.40636559205535, 471.4132241246514, 467.7458629761524, 464.6835081705577, 461.4879277427643, 458.1674358300689, 454.1906143442705, 446.8706155792098, 438.9173301418677, 430.88037332644694, 422.76926791593746, 415.0616739005321, 410.1039551503665, 405.5521106308398, 400.9427796055889, 396.2814672869278, 390.6511903213679, 379.4609276332431, 367.35186748217836, 355.25551107916715, 343.1790776140486, 332.0560092552031, 326.5067381222815, 321.8729459257167, 317.22916175716216, 312.5784628026802, 307.55893562410245, 300.3580081816296, 292.8165491081903, 285.30353900000455, 277.8219704243206, 270.14293076489827, 261.11670837676957, 251.91426798214798, 242.770642681837, 233.68827373330836, 225.0760888502727]




dz = 0.05 
#redhift corresponding to number of bins
[0.01 0.06 0.11 0.16 0.21 0.26 0.31 0.36 0.41 0.46 0.51 0.56 0.61 0.66
 0.71 0.76 0.81 0.86 0.91 0.96 1.01 1.06 1.11 1.16 1.21 1.26 1.31 1.36
 1.41 1.46 1.51 1.56 1.61 1.66 1.71 1.76 1.81 1.86 1.91 1.96 2.01]


#number of objects 
test = [4.816025346139619, 25.290260710279423, 61.56206525980612, 111.47444860988097, 174.41992276288443, 248.58194369420562, 325.9614137114392, 405.10622822699884, 488.1425123449153, 573.3785425315156, 658.2223960156252, 741.9096102623562, 822.7263488961183, 900.7723598490056, 983.8846978882998, 1067.917808454988, 1129.4218898087897, 1176.791492004646, 1216.3698723108694, 1249.464563330297, 1266.288925765495, 1272.9456026173452, 1278.0942513520115, 1279.8729234729972, 1245.9009917575445, 1193.7461999164652, 1163.5807805481795, 1142.69456851564, 1102.2376040346244, 1052.261656855678, 1016.7069967950083, 986.8245062000955, 925.9515142419082, 851.3518788219201, 807.5752403279254, 778.1710038835121, 736.763555871203, 689.6794415948194, 635.5554774430283, 579.0105041812948]

