m3 ra3 dec3 tj3
[1.99003575] [2.84932539] [1.47371824] [0.78269483]
[1.64247181] [5.14073485] [-1.01749992] [0.50474842]
[1.1798029] [4.44286365] [0.57859867] [1.91670281]
[1.80499999] [3.56024448] [0.6138577] [0.84755615]
[1.67487923] [1.4148286] [-1.52469603] [0.21772383]
[1.09759804] [1.23668967] [-1.48090923] [2.31213278]
[1.39418908] [1.8902784] [0.54939415] [1.48399653]
[1.94956043] [3.74947095] [-1.39504797] [0.1115421]
[1.40149468] [0.91933349] [0.45427107] [1.97960606]
[1.74718849] [1.23953081] [0.93279086] [1.53076407]
[1.12106253] [2.97571941] [-0.82295923] [0.35635989]
[1.25076227] [2.92145706] [-0.62249809] [1.1671327]
[1.85228827] [1.88435064] [0.99453387] [2.96364073]
[1.88090138] [0.98239697] [-0.50662417] [0.93396602]
[1.2276318] [5.01644783] [0.51940617] [1.72520421]
[1.64957016] [1.90480911] [0.49617856] [2.87109533]
[1.28283214] [2.71480811] [0.56958108] [1.61419218]
[1.65115778] [5.3592877] [-0.68706087] [0.31548322]
[1.07822884] [1.13907528] [0.51392461] [2.4418257]
[1.72554702] [0.8560503] [1.14672066] [2.35137027]
[1.25904991] [0.47530656] [-1.02582196] [3.08668808]
[1.76307337] [3.24065055] [0.87361442] [2.12223399]
[1.30757863] [5.37248533] [-1.1718358] [0.05554468]
[1.1609137] [5.52998201] [0.30754642] [0.1536131]
[1.64874908] [1.51751774] [-0.63440061] [2.86989815]
[1.20430257] [2.83423762] [0.06710108] [2.56744689]
[1.20974378] [5.39697311] [1.29847924] [2.36711953]
[1.18870608] [6.00301539] [-1.03687888] [2.94239104]
[1.88589393] [3.45230965] [1.2661103] [2.25940002]
[1.14509691] [5.01718257] [-0.37306632] [1.00864283]
[1.76642913] [3.83875032] [1.17611478] [0.53359229]

