[ 6.04588151  7.79889705  5.51456652 20.20140404  6.49768464  9.10197046
 12.05119586  5.71466556  7.13690708  5.32388813  9.04440794  8.41708444
 18.55428662  8.90826014 17.76571013  5.25327006  9.32917451  5.83507821
  8.3495802   5.22125416  8.8482705  11.81910902  6.16951842  7.20625902
  6.86193812 11.54874858  5.62166565 28.39361517 13.72828041  7.33315985
 17.49456791  7.46608308  5.36739615 17.25981501 24.4662281   7.6124653
  5.71944008  7.34438881  8.96382117 12.19345904  8.12189426  7.02850794
  7.2008068  13.82539336  6.79592555  6.66735009 46.60375566 10.55228225
 12.29535546  8.06510265  5.24676201  5.52638338  6.94933845  5.28346132
  8.0425469  27.56961983  6.20844433 18.12093176 15.83440964  5.27307945
 10.24169981 12.25697551 12.48917092  5.12875398 22.11090515 20.04278064
  5.8089507   5.59097914  5.24198015  6.58337509  5.12109513  5.2603393
 23.06278919 27.84337516  5.75699103  8.31435177 16.97497672 15.58245372
 17.62680694 12.47752316  8.98182909  5.3503963   8.21254502  6.31987808
  8.45210612  7.26095969  8.96896778  6.41847952  7.0323668   6.71543512
 18.15874546  7.98418043  6.25289165  5.82422362  8.03176869 18.4446849
 30.46901333  8.79609498 10.27734657  7.12938253 18.8297566  10.98141668
  5.52338818  5.21045262  5.85772402  5.8087305  16.82737559 12.20576181
  5.48125453  8.18677581 10.01974991  8.57127784  7.49362323 43.39477338
 10.3443799   5.56054754  8.16180138  8.41826941  9.34081223 28.38939188
  5.7023077   7.90963951  7.77198778 12.63772989  5.13346496 38.0781626
 24.58598988 14.77671706  8.28529971  5.99703855  9.00187803 23.6542136
  9.05571173  5.17620023 14.66735541  6.18540281  5.1410522  10.04603587
 16.53975403 24.77248776 23.9039678   6.0914282   5.50740735  5.67128926
  5.81698218 25.2385052   5.43894619  6.02811516 20.61642441  5.16824879
  7.91239257  7.74704747 10.39226857 21.71502185 24.06751286 20.98951833
  6.03953872  6.64637162 12.9702434  14.72002183  7.5985116   5.17270693
  5.26158693  9.05985346  6.94561725  5.45473631  7.19306088  5.25628347
  8.43091929  5.17631254  5.4611606  10.37229272  7.01475803  7.00411048
 20.09318321  5.95349217  6.83444687  7.89782336 13.37471639  6.89901062
  8.38938672  5.51793396  7.69384472  7.7872193  22.13133373 26.50441557
 25.96186773  8.25901637  6.03413513 13.63457483  5.94995342  5.34966048
  6.24918127  5.00594648  5.22743383  5.27668726  8.92060912  9.37783555
  9.11269866  9.55193407 13.17510995  7.10043698  7.79501998 19.56309367
 10.05600477 20.29961367  6.52495914 20.04534263  6.72469942  7.81634357
  8.18961889  7.52733162  6.16784541  6.22485739 20.9467062   5.37585802
 10.39783368 16.20131629  6.60652479  8.6075637   5.24641111 16.59414773
 11.41112172  7.11608629 10.08712233  6.18418609  6.54256697 22.81315178
 22.61993913  7.86888948 25.20502711  7.23424878 31.25316658  5.2816845
 16.21099337  7.13434933  8.74321352  5.70099793 12.50995918 33.03293598
 11.78434369 19.36021163  9.3752686  11.91250915 11.10201903 12.55191962
  8.94263216  5.67853794 18.5116214   5.91592278 15.3829969   5.49656592
  6.07335665  5.27463796  6.26207548  7.43179957  7.70642845  9.6100941
  5.65562524  6.538623    5.89115954  5.15922553  7.0592579   5.30366421
  5.67447777 13.73290889  5.67103594  5.19031283  8.6490313   9.09561578
 11.87283074  5.89640511  5.17426195  6.74493866  7.43252354 10.25045867
  5.66809931  7.2544359   6.71404467 26.76248186  8.13316303  9.89631091
 31.30176272 23.22188193  6.50909496  5.65738877 10.89384052  5.80958942
 20.36134224  5.79267672  5.40387688  5.96658723  5.29686496 11.64164734
  8.25510764  5.11068504  6.09921891  8.26039283  6.03983973  8.91618458
  8.98749303  6.52887595  9.48578027  9.62975978  7.45667142 11.47321293
  6.96862457  7.18011741  6.65518025 10.05740947  7.215379    6.2326669
 25.85142278  5.77873657  8.08718324 22.37272522  9.11779841  8.48557646
  5.77400568  9.84155287 28.67693647 11.12225681  7.17236519  9.61544061
 23.21796364 48.5881585   5.13667047  5.12243124 11.95980397 15.35758883
  6.66641183  6.52414871  5.72797219 15.06241358 15.71730665 26.88991557
  9.8093449  19.75782032  6.61890778  7.13628166 17.06372624  5.24051649
 21.82939072 24.38853128  5.80517207 12.15275917  6.39384847  8.12769557
 25.83717949 23.59194535  6.82200642  6.44955223 44.31435162  5.24476556
 29.85987368  5.03147298  7.77176682  7.06550239 34.89825092 12.38620841
  7.20331823  5.14098916  5.43761872  5.70132727  5.19932887 36.01396285
  5.17363521 21.07050137 26.33045602  7.59656498 14.82652281  5.47012766
  5.63705122 10.69077905  6.50878685 10.90409632  5.83129812 12.11127485
 39.74338232  6.57658481  5.94110849 16.47704032  5.301026   28.30502864
 19.34414833  5.30946726 12.22118467  7.47122671 17.01149512 13.86644648
  7.09771819 18.73938253 25.32560414 13.7600772  26.82248318  5.09444812
  8.0907786  16.19835403  6.606133    7.14337592  7.18628462  8.60451109
 10.34614288 19.5907977   6.90382766  6.48814622  8.88108213  9.84206387
  6.69914389  7.23379813  5.01910108  5.86601173  9.49508411  8.58601503
  8.70335393  8.47717595 10.34368289 13.01808489  6.52759019 26.18346553
  6.01968642  8.90403116  5.89311699  6.23516584  7.76849791 13.86915843
  6.1228019  13.05120717  9.09330226 12.53887215  7.86634734  9.33482802
 28.22611953  5.31938958  6.77493822  6.45032054  5.76234301  5.20768992
  8.82700022  7.92989787  6.05492529  5.39609892  6.92851788 21.41793852
  8.16952067  6.99739103 12.15295909 38.38462082  8.86142069  5.8796581
  5.1974011  20.90194553 17.92551721  5.44757425  9.53127897 10.5462133
  7.02303818  6.89062788  5.76943373 25.82856412 18.95213809  5.58476318
  5.82917662 10.27721522  8.64609405  5.11043751  8.79535707  9.43808936
 25.17622138 19.6148272   7.44664124 12.70506666  5.60480149  5.14629209
  5.94745171  5.21268096 14.58994529  5.87328447 11.24780128 10.7551708
  5.71398134  5.05106935 15.29909198  5.55787709  5.52691863 19.23686012
 10.02527452 17.18357131  5.421047    6.17845319  9.72690169  5.2848009
  6.52501053  5.93247494  7.9966593  20.78806726  7.49488275 10.80753082
  5.85140315 13.42603201  8.73342071 31.15763384  9.55155495  5.40262517
 24.03700682  5.15886934  8.29275135  9.27519652  9.58689886  5.32279321
 16.06768766  5.42087745  6.1751699   6.46742012  5.23063316  5.5952442
 11.32359677 11.36864085  5.5431418   6.42989435  6.32892175  5.47215354
  6.28023641  6.25549688 49.18286009  9.32669432 19.98835373  5.89232635
 16.17999721 12.0724718   6.69093942  5.80466692 13.95937484 10.18456091
  5.53560501 10.25966567  5.01329814  6.29543913 15.59726173  8.89179448
  5.13550241 10.06216877 10.47361683  5.52933671 15.27329275  9.20183703
  6.18982499  8.60640553 33.93171425  5.71459632  9.61315213 40.36974871
  7.46821431  6.08152057 11.59573071  7.09220448  5.72028211  9.19296878
  6.2100169   5.8678836   8.91780473 10.65776882  5.77299008  6.26095846
 26.66690219  5.71649206 11.02712762  5.29879279 15.28791397 13.69617321
 11.98795398  7.16685656 23.02265849]