[ 5.96626984  9.73445404  6.71237719 35.60475344 10.7418858   9.00362236
  7.9883518   7.5964658   6.69061835  5.53854067 26.79721501  5.60404842
  6.68739926  9.91310477  5.15376215  6.52629138 10.51785886 23.34984716
 19.72637273  9.05970184 36.80677893 19.55958107 37.80000404  8.78554856
  7.22270374  5.06128812  8.16824376 19.44865473  7.40986581  5.4595715
  5.67926251  5.48121294  5.31145391  5.10095136  9.66862445 15.90636264
 10.3247688   6.50624003  7.24706852  5.90987151 13.25415691  8.90698655
  9.17729471 10.89978082  8.3133275  10.74430793  8.77197504  5.4804735
 25.25355909 40.43791647 16.73803105  6.10590542  6.22117935  5.37157011
  6.36093458  5.25198756  9.62299432  5.79259377  5.4119438   9.20007006
  6.86753615  5.00786302  6.42824417 11.26888003  7.20105986  6.84587736
  8.11581494  7.14681855  8.76740926 11.60335874  5.35727576  5.15826507
 11.88559558  6.26157618  5.8405108  27.11043398  7.95326044  7.11907874
 13.07699609  5.36966908  7.8834699  34.68581018  8.64776766 16.91625025
  6.06545034 23.96183087 36.06643499 24.22127889  8.2767038  11.91535797
  7.79029835 21.61206391  6.49033769  5.61283618  5.41597998  5.48632405
  9.6066954   9.47485152  5.30486913  7.43560528  6.31221027 18.27473156
  7.5013779   7.07183559  7.37373437 22.1381614   6.12248392  6.38465139
 25.28328342 18.6319244  11.02459325 13.32280132 46.22893265  7.06064913
  6.90023458  6.04751004 12.4628298  14.3909632  10.11366514  5.00993284
  7.4813224   8.67289128 17.63995789  7.70090873  9.78507938  6.73832325
 14.53413475 23.39209092  5.9604309  34.31781834  5.64495762  5.74133228
  8.03360702  6.10759235 10.6395082   6.92600746  9.81124334 11.21706474
  5.89552388  7.36688176 10.48498656 11.35892808  7.84417106  7.08209779
  5.23409211  6.31023973  7.60132574  5.13245817 10.17938664  8.0743555
 17.86743778 18.60976469 10.2702168   5.05632935  5.20132442  5.16206364
  6.73435975 30.15930747  6.69602083 12.40700029  7.55902519 13.68103522
  7.41089355  9.23125056  9.81465477  5.80604804 14.2104384   6.67921092
  5.37640262  7.83217923  5.15696357  5.05711665 11.95722477  5.52570881
  5.08540972 14.34462167  5.27949334  9.91141918  7.50579173  8.79152344
  6.57379654  6.03254378  5.0442977   9.0084208   9.16983756  5.93648664
 17.21114391  5.98881123  7.15295542  7.62227199  7.19923113  8.32929368
  5.13938506  7.5050655  16.02173711  8.83834525 11.55406285  7.27792374
  8.98924996  5.32620139 22.60862196  6.52332144  5.50853659 10.27794666
  5.26190923  5.5060682  17.75385954 13.82403711  7.43449222  6.11092452
 11.06399854  6.20747971  5.56399069  5.82061026  5.22249802 11.28280555
  9.24517538 21.13296526 10.04830684  6.58778209 18.99874518  6.06266392
 11.05291595 34.80008349  5.20856914  6.72194828 14.33534539  9.7368516
  6.96728604  5.3530687   5.71676043  7.88034899  6.1113579  16.98478656
 10.533843    5.94365799  5.19470367  5.28461917  5.43732733  6.51884324
  7.59595414  6.00541721  5.76165655  7.0396848  44.19548857  5.09406442
  5.45600281  7.77509063 10.23105737  6.82182163  7.85426762 15.26777147
  9.39907648  7.51655338  6.96435379  6.70039676 16.55277467  5.2074277
  7.33585496 34.32279174  5.54197927 22.98268635 17.82984318 12.91797844
  6.8537888  12.30898044 17.98637111 10.52280646 14.00121915 13.99883113
  7.6766229  17.68605164  5.82238526 10.7084446   6.11547158  6.215415
 16.97303522  6.1845592  35.09562945  7.19148246 29.24644135  6.149143
  5.08146011  8.443732   19.27673048  6.28885486 10.88782932  7.65903441
  8.78480906  7.15844198  5.60004539  9.05140762  5.57761711  6.72787964
  5.4560057  10.49174947  9.85449534 18.84793878 11.6145886   5.0586378
  5.72627462 26.9293286   5.71717754 48.01525583 23.58402907 26.81537553
 11.2358499   5.10524114  7.31694867 22.33265115  5.97423753  6.143185
 14.11186856 11.90333179  5.11776861  7.1327291  17.87971309 19.35891069
 10.85083371  9.63533722  8.10420607  6.98565869  5.50819026  6.10292268
 11.16658953 13.77037367  6.01324504  8.5282538   8.75159587 14.20205391
  7.26709312 11.20207689 15.42176963 17.54656258  9.69177243  6.24450815
 16.49634761  9.33932349  6.46666367  5.1924874   9.99011531  5.74506414
 10.79507042 48.72086745  8.73429902  7.11580522  9.93151075  5.04268498
 18.16883791 11.88040475 24.54381664  6.56321462  7.71032947  5.29099567
  7.19623264  6.41539737  5.70433714  6.42823916  6.5938655   5.16741092
  8.86769683 12.83425564  5.03915412 11.63813477  6.89494743  5.64993382
  5.03867995  5.18575977  5.74381649 10.44194295 11.29096724  5.7728453
  7.21028677  5.75199921 28.31794592  5.25674802  6.36087574 16.56072966
  5.93280768  5.82805763  5.30261527  5.23990506  5.21417845  7.33296031
  9.10839683  5.41960907  9.09009436  5.41369482 11.5560369   5.06258802
 33.34212273  5.37839865  8.89275498 10.93071244 12.85549035  5.05222879
 16.98548232  8.03489064  9.03152896  6.78421568  6.05904567  6.19136339
 16.81906338 11.69992208  8.22689346 14.55446726  7.04847996 12.19367195
  8.06823958  7.30114773  7.0091494   7.32351027  5.60447753 12.55293953
 32.06673213  5.74868519  6.65301989  5.77590225 26.49890911  8.36802619
  8.77735029 18.56197216  6.50930211  7.11648764  6.33304816 45.72598645
 13.64641283 14.95363643  7.59307969  9.06094014  8.78566514  9.84696061
  5.90084619  5.90391466  6.59021838 12.45666536  5.55924645  5.94559532
 16.6590332   8.50739535  9.06048319  7.21589279 10.11173204 39.15316516
  9.43946028  7.59947027 12.98520766 11.08924721  7.92217267  8.58229749
 13.15096428  5.50024646  6.91725153 14.86548199 26.45989839 15.15193751
  8.62832051 10.0095517  10.47237431 11.18653102  5.98396129 24.03927864
 23.13008139  5.66701504 11.38544818  5.24254305 12.7227296   5.02084185
 24.61855465  6.4118168  30.41154663  8.00213298  9.25015239  6.50848308
  5.56966849  5.62671024  7.53003457  8.09717202 24.54751016  5.78332955
  6.59467062  6.09500419 18.31526693 10.07732931  5.82754159  7.41236909
  5.16394262 11.18615031  6.40788425 14.87033125  7.49810748 42.95445568
  8.45532225  8.4263329  15.70278919  7.5715318  14.34751501  6.44540922
  6.0348518  17.56973872 27.53473957  5.60085815  5.00798603  8.28071274
 30.32866797 12.56653988  7.86287067 24.26968892 10.36231557 12.19750455
 15.21611126 13.47701638  8.0567504   9.70584819 23.86676516 13.16160147
  7.30235019  6.00529224  5.39777315  7.79969814  5.0707033   8.10360961
 14.62517632  7.9677544   8.26042847  7.52024295  5.06380731  5.54670776
  7.56014371  5.94534167 12.19014602  5.04768348  5.16836291  9.91564193
 22.19755305  5.37520351 11.4155532   5.80213151 19.75847135 11.27203164
 14.21467931  8.21200107 17.79931526  5.0810128  10.50303124 19.4880377
  5.60737558 44.92022492  9.25306834 12.81393761  6.37323551  7.41817379
  6.05587573 14.05315205  7.71964357 24.85442887  5.50345104 11.66353254
  8.77181094  8.01490826 28.85819405  6.71972214 31.76475809 12.53879343
 13.5796872   6.36161866  6.60702738  6.14698563 48.27767335 15.24155704
  6.37077028 28.61157014  7.70449515  7.22553148 13.8462696   6.25676898
 25.09040189  5.66031298  7.97351889 15.35573312 11.56402609  5.45999566
 36.33559713  6.63062422  5.7210792   9.96795961  7.86788707  5.15405669
  9.68142807  5.54462945 12.32908872  9.20775191  6.19965346 18.01119932
 28.79002553  5.88475042  5.3550911   8.8290207   5.51782939  5.6667767
  5.16623725  5.10810216 16.81730149  6.76392674 12.20341126 21.32033311
 25.81389726  6.84565816  7.5256162   7.56998588  8.56574631  5.11696174
 15.57589779  6.53577577 13.72956809  7.71119504 14.54669256  5.46953226
  7.74009593  5.13336644 23.2302503  10.78732266 13.73000153  5.69995824
  6.44651887  8.86237805  5.13253864  5.94806683  8.68718239  6.87718683
  8.64724643  5.48712128 18.71483748  9.54422565  5.03042595  6.61200887
  5.44927819 36.35765388  5.79365127 25.12941029 10.05941279  5.92195099
  5.02548952  5.41513335  5.48084456  8.12376703  7.09215868  6.44308294
  9.65523689 12.24217268  6.64427344 10.62887053  9.3652122   6.88717564
  6.24733766  6.3855151   5.08507563 19.43224486]