[ 5.29683565 10.19196979 10.37232679  9.06017519 10.73614554  5.11045871
 10.63453002 10.72509984 24.70758133  5.0929599   5.98079059  6.65774326
  6.89402708  8.30702337  5.79894942  6.23018352  5.02373988  8.76323226
  8.00880331 25.87321872 15.934432   10.28922777 13.43153723  6.07424405
  7.54315578 18.13364547 41.78512797  5.59182294  7.97641163  8.01380275
 11.97584459  5.39540394  7.71034785  5.02581292  9.23681524  5.61140401
 26.11743345 33.56253199 15.81448864  7.58700928  6.39292074 30.36830606
 10.21486816  5.16669754  7.59052724  6.73623783  6.35081047  7.42833078
  5.15028592  5.48089378  7.80329181  5.73221841  5.59948921  9.19398434
 18.11902688 27.9116681   6.86211255 22.97714281  5.12961979  6.16389362
  9.86584199  6.232843   12.46053646  6.5588953  16.07565341  8.61725579
 20.32647308 25.75139487 15.13044906  5.95056036  5.74290429  6.13529959
 20.38548158  5.68590022 21.86502815  5.72670842  5.19167838  9.63393594
 11.87681748 10.17528951  5.33063986  8.35606645 10.65220583 19.08818138
 15.57554025 11.31329941  5.16789738  6.39436816 13.22975881  5.51505247
  9.84820987 13.60177052  8.52062583 11.0008083   6.6733483  12.98703762
  6.84102555  5.94313503  5.57202769 15.75675557  5.04767478  6.85056754
  5.07227185  7.29064882 26.60022911  8.26953748  9.36121876 16.05371096
  7.88507076  7.70533208 19.74555958  8.36217638 41.49885694 36.38546382
  5.5544481   5.07182075  5.16019515  9.47572885  5.71891861 17.82490498
 13.22278145 14.43134803  8.5429542   9.39767862 12.6139492  34.66862498
 36.76719365  6.75920983 12.0985212   6.18549532  7.17537915 10.46093801
 36.3809144  14.61994801  5.16280317  7.67995554 11.43013413  8.48761131
  6.73877563  7.00703019 14.04484276  6.55974316  8.61053568  6.71612528
  5.61068841  9.61245621 11.54049868  9.02416413 43.03708158 14.0197954
  7.35177426  7.64679704  7.78555742  5.78931435  6.32027811  7.25886629
 14.11833257  5.15455973 13.72522108  5.07247925 39.957929    5.58095678
  6.972613    5.77333292 14.89592089 12.39181862  5.21652749  9.30235319
 12.59029385  6.95788651  6.29161344 10.71833051  7.14054379 16.95905586
  7.01780967  6.57645506 44.79730394 15.21193889 14.94202226  7.78360059
 27.38861771 49.37169653 25.87146072  5.14271685 15.51417392  6.82135641
  7.35307679  5.94315442 21.25776746  5.83571451 24.4199981  30.88285696
  6.013186    5.17762866  8.30685622  6.94406763  6.43106305  5.78630168
 10.75689826 14.85351814  5.0119342   5.38182464 15.45660006  5.59834926
  5.78011611  6.26738548 10.1935606   6.34412609  9.89252204 10.79680618
  5.64371783  5.33151059  6.59824181 11.5884927  14.49714994  6.9585183
 25.09893067 21.2047995   9.20796678  8.62091534  5.08434395 12.27485116
  7.25942121  5.46994488  5.36757202  5.99616165 14.01993787 29.74441909
  8.76639762  6.22370131 16.55097913  9.55373826  7.52051871  5.49079568
 20.67136178 15.55620122 11.37457858 38.19393573 24.24440637 41.01673414
 49.75099119 14.94529703  5.45371631  5.25984497  6.29572167  7.59699137
  9.07809712 15.92887996 11.10572411  7.02763869 17.88155207  5.97384661
 11.03997276 13.03255568  8.17161668 11.79691913 21.36446299 20.12087926
  6.07854632  5.54622522  5.52061176 13.14368761  6.44738014  6.44367086
  7.02166067  5.67565866  8.11067172  6.48972616  6.45965298 11.04007303
  5.02004117  7.68710817  5.23459169  6.91916908  7.2646423   6.73666502
  6.94529313 11.32511086 12.26803601 15.04927637  5.75328385 33.45006684
  6.77543416  9.20631123  5.56506942 18.06572644  7.3727002   7.07644421
 14.98596468  5.63585728  6.9738072   7.70819618  6.42379344  9.38597974
  6.80140937  5.76154268  7.59427374  6.94516519  6.03976318  5.35061782
  6.8285955   7.49118993  6.62586216  5.30846429  7.41740057  7.11122179
 15.44231806  7.92510931 12.92905997 16.23502897 35.10537227  6.69824606
  5.6399712   6.33218054 33.80484012  7.75067231  7.97517371  8.29847863
  5.93693201 44.48495935 15.67041541  5.87032958 12.01308064  5.08652958
 18.31396098 10.06672544  7.68686851 20.75287265  7.13661075  6.03088715
  9.89921835  6.781402    7.98709087  7.39077362  5.03413598  5.81854601
 10.51147188  9.78551663  7.3060414   5.54284406 13.46905889  6.07201905
  9.16131814  7.51752103  8.98881254 12.25734171 39.34649646  8.66407642
  6.19850672  6.34157061  6.943138    5.06051334 19.65868162  8.78194493
  5.31466393  5.63967415  8.96524577  5.72066632  5.15713565  9.48724946
  5.68213117  6.41497521 20.02430288  7.21379976  5.17022906  6.92097753
  5.13572677  5.49739369  9.34179592  5.57547161  5.14461846  5.16904333
  5.68566531 13.60726195 25.83702581  9.19204303  5.97873235 14.37501304
  6.96776328 20.97731716 40.57933154 12.77550655  6.03940497 14.30610717
  8.37328365  7.98186439  6.1821854   5.92144602 13.9720368   8.58015365
  5.67951145  5.05158953 11.2965281   6.09282711 39.16260267  8.37287244
  5.0938786  10.80002438  5.11402838  7.51091641 16.79353877  6.1148641
 39.19157379  6.15209711 18.25596694 22.37119206 10.97620827  6.02976596
  5.06485019  9.93632901  5.25581873  5.67149267  8.18868561  5.17097184
  5.33707018 18.65941551  6.05129168 41.89206086 16.51759006  8.38173935
  6.66657737  5.12010571 22.06077009  9.14953766  5.54744485  5.2665475
  5.07134587  6.08879695  7.92407689  6.23809559  7.41158112  9.86623213
  6.09841726  5.3210076  16.57515659 20.18617955 21.22656315  8.73088402
 26.76562506 21.09899822  7.85938677 22.14489705  6.87331992 29.95379449
 11.16945311  6.43127253  8.64734118 26.08264722 24.80907594  5.37795011
 10.26735554  8.33914162 10.39914961  5.24832231  9.11418922  8.48520432
  5.04033178 13.45937418 10.54154115 18.8841891  18.3158475  14.4688624
  7.01985739 21.68976193  9.41603483  5.44525442  6.36746376  8.31271957
 15.66755164 15.03792731  5.94968849 12.03995761  8.6228034   7.01814102
  5.05391204  9.88495913  7.09019556  8.25652592  7.76030698  5.97721796
  9.03798708  6.39325718  9.45844153 12.19277926 27.74588785 24.53936443
 12.43094062  6.72999601 12.65082915  5.16677806  5.448422    5.42606044
 23.56590929 15.72034097 13.13303164  6.38548293  6.96124306  7.91603777
  6.66840067 10.29128711  7.41054526  8.57630336  8.91853576 13.73177292
  7.25598677  8.77973639  6.48228132 14.99178564  6.54012258 49.90090539
 10.12992119  8.58498638  7.48227636 15.551323   17.31095216  6.89838522
  9.96199993 12.53951023  5.57346946  5.88245326 12.4477305   7.03344568
  9.21059883 10.12055004  5.03875466  7.29187832 14.23172134 26.80118582
 29.55559746 15.13204157 16.65348074  6.26652209  8.76690447  8.53294061
  9.34278954  6.56878026  5.1645598   7.32825184  6.66240744  5.26649035
  5.96127357  6.13379941  8.10839788 44.37361954  5.26996722  5.30244797
 12.59348824  9.25573118 12.4019384   9.40782205  6.88270532  8.91336378
  8.96684595 10.52332868 15.76165172 19.84034335 33.19847482  6.77911955
 16.3970599  17.10248926  7.50474549 18.77683429  5.42074011  5.21583334
  7.37886067 10.58703419  8.76597255 18.50567985  6.9924421   6.49758713
  5.77758695  8.43622196  5.37048224 21.5657539   5.10148841  6.38341424
 22.25712775  5.28798086  5.37245712  7.32205262  6.77991339 17.50614969
  5.16000989 12.56376198  5.69242139  5.75503978  5.76510204 16.51477311
 45.93027376 19.80167212  8.39966837  8.09087631  6.85361284  5.10069862
  8.0849263   5.18294083  6.66639797 14.39632646  5.27062307  7.39537857
  5.54295402 36.98154624 11.02874069 28.91545111  8.82605124 17.30350255
 20.67377719 42.89959942  5.89747189  5.43635469 31.85669372  8.91485654
  6.15902512  8.09753566  8.4768667  10.14635422  8.19326055 10.81052005
  5.24329135  5.33070123 11.98102991  9.20883296  5.04958167  5.52957335
 15.24053092  6.09478892  5.87485227 13.18087681  6.90841146  5.39768429
  6.4420593   6.23559356 11.23164617  7.15990601 13.36692113  6.22991811
  5.08461628  7.37653709  7.52179322  7.25420445  8.8806699   5.01619368
 26.28232743 10.96249691  7.04817804  7.46253006  7.14989791 15.12811019
  6.57406425  5.97568169  6.51173576  8.98710768  5.0949479   6.38145247
 10.55081127  6.87684972  5.36046824  6.72017771  5.46474763  5.02615342
  7.83612416  5.23216778 10.12197647  9.07560861 14.5979826   5.05760174
  5.16727537  5.00812939 18.23469613 13.43049593  6.50207832  7.64928557
  5.24684206  5.91752033  7.82982262 17.88090001  7.54336202 19.97705045
  5.704367   21.66745421 15.22974217  7.64204083  7.21448958  5.13225568
  8.19132696  7.67619766  5.06825957  9.46005224 11.16027518  5.95557031
  5.00954848  8.15979995  8.69909786  5.14331867 13.16278265  5.52578807
  8.68941844  8.85393826 10.28658487 32.64330768 33.30464836  7.93070354
  5.50924484 10.78297936  5.55022587 17.86208048 26.66625085  6.1012954
  9.50213048  6.3176969  14.51375568  8.78087056  9.67690093 12.73177805
  5.54783015 36.44292491  9.21624771 30.7850304   8.28445587  9.03199563
  6.50772805  8.05556148  7.94081914  8.92635137  7.73439302  7.79949188
  5.14023359  8.07249465  5.51985935  5.33618153 23.37069819  6.72439573
  5.88265789  8.19711652 15.4930247  11.84491137  7.90272746 18.60561813
  6.77200045 10.44926532  5.48681729  7.09335179 10.63101826  6.69420616
  5.31952233  5.7102025   5.34822599  7.53598377  6.85734234  5.01680715
  6.86594045  7.61971134 38.96875509  5.03671047 18.89512535 13.30662218
 10.53601169  5.01569505  6.69983097 10.96074521 20.43721647  6.33040501
 15.84790176  8.06177888 21.93493605 31.42582839  8.08904909  6.79793647
  5.33695177 17.73128663  6.07979423  6.21947219 11.20004545  8.01205185
  5.67407573  5.25424053  5.45819839  6.21816854 15.04098967  5.93906501
  5.01817937 12.3504637   5.81926781 15.24573561  5.28632356  9.55240482
  6.62314533 31.86816686 22.91946219  8.86484249  6.45390779  8.23226253
 22.7170683   8.27468978  6.50128681  5.3842535   5.99719696  6.50847473
  8.825385   25.37741055  8.53024269 26.30867017  7.00584366  8.17278004
  7.81831394  5.18931342  7.83426116  8.55620519  5.36501766  8.24918822
  9.59104506 14.46066511 12.06707504  6.09053418 17.01852536  7.35257838
  8.98466751 30.84359493  8.28992201  5.69877742  6.30655915 15.23032092
 12.02174403  7.14586381 11.72264571  5.25697264  5.70133301  7.77637743
  9.91697169 25.18708196  6.27604317  9.1183622  32.9626466   7.02332488
 16.34828818  6.29979503  6.090107    5.18972004  8.11631865 26.19108148
  7.58444238  6.55727219  5.03494169 16.50701638 13.87764119 14.30660206
  8.03235362 17.63005473  6.19945831  5.90745749  7.06298896 22.85765329
  6.75155565  5.23997019 12.70792061  5.47005762 25.67189719  6.17369306
  7.24900295 11.58601318  8.78709108  5.10015543 11.38908949  8.88059204
 27.20695955  9.41472216 10.17473117  7.05340155  7.224012    7.82564353
  7.3101357   6.92324475 28.27938526  7.30304327  7.18065672  7.19881044
  7.58075346 12.86665735  9.10001805  6.24638668  7.68937793 12.49249012
 10.83642489 22.03509244 11.2277474   8.54115783  5.29467073 12.14800019
  8.42665834  8.37961397 11.68393544  5.97761598  8.74332089  5.74678161
  5.12040652  6.42687884 14.41674528 18.57054409  6.19768927  7.01482726
 19.63467753  9.95636229 10.29711331 24.75137561  9.97538736  5.47501178
 27.73371113 19.23393445  7.11713517 29.20829988 33.47456642 10.79269984
  5.64423825 10.05035459  6.7622565   6.99215972 13.34531466  5.38893331
 17.47962144  6.24219277  9.69535459 39.70097762  5.65918944  6.95177508
 10.01396034  9.47182278  5.58847833  9.39151411 19.85963817 16.83390629
  9.33307995  8.38477423  5.75908625 13.1353711   8.70276858  9.12248667
 16.3836117  11.03720928  5.43963063  7.5596502   5.01889119  5.41927622
  5.60771728 10.16178738  5.42676528 49.08056631 10.10711856  6.02295139
 12.30698471 16.85991521 28.65279983 10.24294374 38.2265726  19.85825209
 14.62975172  5.18702776 11.00957937 22.98272202 16.85511127 16.61338948
 19.56253864  5.27340118  5.11722276 11.3742409  11.54544893 10.99083583
 13.88262065 10.82106723 11.68463444  9.80714561 10.1217227   6.32856404
 12.90089501 25.79473637  9.9224199   8.63782057 19.82300194  5.1497975
  6.87663639  6.18842357 11.32661425  6.78401001 10.45833096  6.88787547]