[ 6.82624646  6.42401305 13.2407037   5.40337308  5.14513234 17.61694455
 12.92107684  8.04332668  6.71346345  5.46300535  8.12856811  5.88718371
  6.40731441  5.31181092  9.54238428 11.56299634 17.6370988   6.25396196
  7.09149025 44.78001086  6.73371315 29.38946244  9.10263545 10.10734424
  6.79837687 34.00902415  9.4717575   5.44685441  7.87789771  6.11297049
  5.37397294  5.82068499  5.51235866  6.99675904  5.53122968  6.6042111
 15.11594144 10.21262905 13.20403398  9.58761057  5.65548985  8.63574655
  5.53073504 11.52623743 24.19090845  5.95533802  6.17374914  5.42253312
  6.6933986   8.03278048 12.51186054  6.5014544   8.1315687  14.32662187
 23.95983253  5.51812287 16.88846058 26.16946236 20.17986755  5.16397931
  8.01533963 33.17346907  6.00735897  6.69980874 23.6076252   5.84006151
  5.50836146  6.93220542 35.59986578  8.12759306  9.49596297  7.18001204
  6.3291178  26.36826681  7.67918263  7.60742557  7.99659371 22.63245188
  6.83191589  5.3067659   5.15410783  9.18619406 13.59944025  6.51628925
  8.39197903 31.31086141 11.2908467   6.39853985 12.1512194  21.19726571
  6.81130782 12.48351027 35.01674598  6.10888975  5.3747139  16.6410674
  6.32226914 38.84105154  8.81349421 12.70146884 13.38087996 10.85725415
  6.82703125 10.80846275  8.25623621  6.27020568  7.09797774  6.72599092
 19.09815224  7.2445645   6.60923633 14.36180505 13.18053895  8.64351438
  8.88616003 12.5378783  34.21522684  5.66427355  7.45897265  5.77849378
  5.27808633  5.09097579  9.58301759  7.71543119  5.34389824  5.36800912
  6.55176699  5.44785756  5.85113432 26.16858212  8.43099871  5.98116505
  5.90207241 22.21153408  9.67475748  8.31503852 17.20524636  9.50831927
 15.45907154  6.45462155 12.55513238  5.14289371  5.23373102  6.47114348
  6.59205005  6.2267423   9.63048947 11.13661112  5.04498778  5.70089798
  6.57221522 18.01825618 17.54604087  7.23297927  9.41101723  5.08887149
  7.60301264  5.7831281   5.02181108  7.29275184 13.73898948  8.84889469
  7.22968248  7.33141567 25.86441866  5.56360862  8.22736975 10.2201685
  7.93009709  5.01256502  5.59020182  5.0815866   5.21418146  5.29432648
  9.62080353  9.94115491 22.86317858  6.84737312  9.35975043 18.11485972
  6.27909983  6.03639437  8.49907521  5.0104602   5.69661275  8.01033011
  8.53890486 12.4235293   5.22293223  9.01678745  5.08515095 44.27723522
  9.09304075  6.88963896  8.52673892 10.15187692  5.7488812   5.59546112
 21.79576394  5.88263529  9.33441034  5.96908452 14.95348255  5.22044023
  5.01172505 12.77010028  6.47511426  6.07001287  5.5464136   5.69592909
  6.99356138  8.03311343  6.92303614 35.52769201  7.19486004  5.0451274
  7.2012726   7.10656303 10.86684092  6.99900176  6.18939476 10.45592511
  7.13281001  5.12454797  7.47690057  5.82202594  7.35514105  8.58292105
  5.56326262  8.14197379  6.35111472  6.24985964  6.96401962 10.18240191
 18.28836938  5.0034094  39.13753798  8.6211655   9.94188153  5.67029624
 15.22736003  5.94971741 25.43452637 12.21423021  8.96873996  5.12081968
  5.30490208 14.36907341  7.25741184  6.33863342  5.91044895  5.69679062
 36.00212948  8.98095979  8.33655642 12.17358073 32.95421741  7.30068808
  8.8599542  14.50173342  5.50913543 22.41151938  6.91894179 31.50118644
 12.72447607  9.68542504  8.1539755  16.42742882 45.47502804 18.02986328
  5.77653976 16.6950225   7.90969549  9.90458154  7.22944305 13.92502122
 18.55566427  6.31132917  5.75279263  9.22279355  5.64549264  9.78876909
 12.08896729  7.6526729   7.09697338 13.7117759   6.32947007  7.9302987
  6.70547158 12.79126181  7.88554481 44.813752    5.11009456  8.06626464
 24.04915014  5.28425719 26.8375643   5.53689485  9.38550305  9.86109978
  7.35594316  5.39121033  8.10314796  5.69522806  7.92160762 14.12886922
  9.28995061  9.75356814 10.34508625  5.43250294 14.14331161 13.91761034
 11.54186081 44.97191077  5.83958305  9.61064802  5.27371767  6.32799031
 10.54847938 24.24207243 25.09678663  9.34997942  8.21271001 11.37226928
  5.34324948  8.31926046 11.63455971  5.62158675  5.725477    8.65433434
  5.41632918 15.2722913   6.64382964  6.69040176  5.68730943  6.48257912
 11.2500051   8.46391488  9.06378081  8.81391894  9.0916606   5.5342993
  5.98255309  6.77421716  6.68824647 24.64590184 10.12382873  5.00356299
 27.20399661  5.52569746  6.53252844  7.68222001  5.15177938  5.37132293
 26.0943241   5.86964212 13.37643336 15.67989627  7.92380775  6.45208885
  9.01353416 10.14322219  9.96577359 30.97922593 32.76147551 19.46809202
  8.42714338 15.18924041  6.635513   13.15931382  9.58604779  7.40107019
 10.37406911 31.26393285 25.64227452  9.72822337 11.27321356  5.17850663
  9.97495096  8.74542507  6.59345171 12.47466824  5.21430912  9.69386843
  7.10697158  5.4261937   6.08823717  5.89471444 12.56664842  9.02063886
  5.70230072  7.903676    9.79457234 45.33638114  5.3552475   9.93065887
  5.33080467 12.35567668  5.40956982  8.85891737 24.87739998  8.16202547
  7.69118165  6.29511225 10.7033775   6.95161468 13.73594025 11.04224335
 25.14226908  5.29695639  6.90779851  6.65511752  5.27833254  7.6927802
  7.57796282 10.54052065 10.24344391  5.94700383  8.9581292   8.18775683
  8.32160816  5.42585922 25.00160636  8.02367371 10.31899084 11.21391513
  5.93860409 12.43415694  7.78690576  5.28102352  7.5853105   6.96757253
 12.29540101  9.04708881  5.48478528 11.83417326  6.11081757  5.9252407
  5.02453261 12.19025319  8.56490064 10.63288255 20.73699041  7.12842463
  5.38269281  7.22916344  8.82603862 40.87145024 11.74387366  7.0494926
 11.9570076   6.07752973 19.58521682 39.68265522 14.5556178   8.44436437
 32.57750401  9.68722052  6.76993365  8.18073089  8.68779792 20.895547
 19.07588038  5.03752627 10.3727005   9.21767328  8.66182682  5.9638707
  5.26256222 44.01821746 25.08673836  7.00112104  7.41001228 10.86115785
 11.38640934  5.18840067  6.3535329  12.57891874  8.25704004 17.24083349
  5.41823354  5.43368502  9.95182464  6.17699952  5.25217033  8.05924392
 18.47258966  8.3301223   5.33126952  5.10729472  5.12414549  5.27359685
 15.86379763  5.04335318  5.9553094   6.1596701   7.49688366 15.63159013
  5.4497545   6.3418003   7.04939718  8.37210438  8.9738473   7.83960383
  8.18290577  7.30487233 24.77311696 11.61539411 15.43436679  6.61153966
  8.6399766   5.46306377  5.56973537  6.8044809   6.05268106  5.88765862
  5.31114348  6.41754547  5.15787448 24.30576936 11.28666841  5.34599944
  5.2334849   5.20874714  5.61974317 33.70689871  5.86226967  8.98360901
  5.31925499  5.26563052 11.75262209  6.48102358  7.21158742  5.42789511
  6.1092969   8.42922427 19.80298101 19.633925   28.34384     7.4415116
  6.06846131 11.27770244 41.40348627 13.46873379  7.36223343 14.71532073
  7.02769837 17.36152216 16.52676968  5.95121846 12.60387399 11.59941488
  5.69770136 22.63439616  5.18160744  8.0852645  26.44340082  5.29026105
  5.09879559 10.83758538  6.97083233  5.51308198  5.06615054  5.57988722
 10.62951935 13.19251214 16.98102149 20.80687588 13.44049644  5.0411586
  7.04375266 11.60441618  5.48063053  9.5848502   5.56213743  6.17189752
  5.13566304  6.62234733  5.26893504 11.95009632  8.05094171  7.91289325
  5.13165717  7.84088038  8.45299424  8.54615976  5.56547307  6.51856158
 10.89273236  5.4581455   5.27725835 11.8796308  12.28754438 11.6487765
  5.08047474  5.83688103 16.73683568  5.13238723 21.38164145  5.29812394
  5.61310336  6.92692711  5.3479303  17.98197348  7.97707163  5.44793373
  7.98624394 41.20142211  6.02152754  6.80059442 14.09305642 14.70735056
  9.25475217  5.03817522  6.05877301  7.60400805 19.05721099  6.54232303
  5.27753173  7.25410837 30.11456035  8.07346956  6.42962469  5.1842775
 29.4706671   8.54561964  8.711309    5.39886869 14.10023989  5.96047702
 22.17153888 26.63870198  5.26030486 10.25442734 15.22165083 25.88568366
 18.53559628 34.39559201 11.42599121  5.07069755 25.24201877 36.77202754
  6.48914716  7.71780083  7.25940756  6.61130502 23.48274267 39.82623897
 19.18950259  7.74893411  6.55510521  7.13864208  9.61722839  8.1827821
 10.99587627  5.15431731  6.92553195  5.3448297   5.02283543  5.67943506
 28.89308595  7.01787523  5.85958691  9.27301707 17.8054044  17.23100999
  7.61727754  8.90359437  7.92722501  5.33128363 18.95382038 22.78380874
 38.24264633  7.284808    6.36759038  5.67101447  9.21406983  8.06186727
  5.24596121 16.90805909 31.20754364  6.56696438 12.38713814  9.84500916
  5.9474249   7.82752602  5.36637762  6.88595674 14.32305604  5.98598574
  7.31496292 14.82044103  7.55266334 17.52775051 10.82897846  5.28823209
 19.57273753 40.73620603 19.66658721  8.11087895 11.20768526 11.10325511
 12.61584174  5.63633934  5.01987875 22.92485311  5.24387949  7.62793326
  6.87236521  6.88266672  5.65626806  5.38775831  5.99709314  7.70486465
 32.45732118 14.17683831 15.71873803  6.23165457  6.98447307  5.99657792
 31.29431154  5.57996417  7.64341141 10.33755251 17.1790724   5.69649367
 11.60421354  8.9370472  10.77127015  5.5967122  10.44525785 19.38986973
  5.24263142 21.91030115 20.4965529  13.03130262 11.74440615 17.9557881
  6.03033239  9.07527981  5.12691511  8.62425128  5.25399217  5.20501758
 18.16334839 16.24437733  6.75982883 31.18858236  5.76263873  7.52531211
  8.42293619 12.24244041 47.34122368  8.15557933  9.5403225  12.96361003
  8.28222658 31.88422171  7.11371259 14.68407646  7.64505035 12.82838382
 36.1444808  13.73113189  5.60408206  6.09888676  5.62686998  6.33528929
 10.45822498  5.55713681  8.33756754  7.26503373 14.01076025  6.91152374
  7.77772076  5.08033231  5.84488876  9.28107461  5.40015627 13.56488277
  5.87098017  6.07805768 13.25859538  8.53547398 11.20060819  6.36122293
 15.49851959  8.58000492  5.08516748  9.09433131 19.39029874  6.4348553
  7.9779379   7.80940739  5.2550307   6.85393526  8.12536084  9.98563919
  7.89583089 13.17147053 25.35908825  5.10130975  6.04348481  6.56910111
  6.38530294  9.34737448  6.45086094 10.52772225 13.89875789  5.84423307
 33.88254053 24.94754519  7.1205162   6.23908009 10.11692462  8.11543741
 10.54972557  7.12589622  6.84164882 11.61428305  5.94727373  6.82597492
 12.16791978  7.30987615  8.51408076  8.2222858   5.09395908  6.71849238
 31.59770011  6.3583442   7.59668735  5.3788049   6.45275121 11.7631038
  6.53558633  5.39856711  9.66970657 46.84007529  6.23231169 11.20670096
  8.32731627 12.58788642  5.05122105  8.41672008  6.38200418  9.12489021
  5.89040368  6.91483351  5.00253649 34.48091811  6.42762547  9.56922494
  7.39642556  5.87160001 39.93159056 10.88209968 11.31176051 29.82867748
  6.17728153 20.81920242 41.39818192  9.00074137  6.15052972  9.23028511
  7.69236834  5.66850729 11.94479842  8.22074875  5.92087228  7.87988204
  7.47890417  7.16186436  9.31153726  5.72664193 11.34746101  5.49657776
 12.32878812 13.24189492  5.65306951  7.71565916  5.27561907 37.33606177
  7.21946014  5.65504977  9.7094397   5.14815752  5.09492925  8.33687097
 32.06773878  8.02365144  5.6620605   5.50847597 10.89282325  8.94057368
  8.08909454 11.59409366  7.48884004  5.31423636 12.4946114   5.29921346
 11.50968698  7.46676442 10.9639692   5.15357701  5.43209424 12.72269606
 11.23303604 12.72253996 20.2081068  12.59549448  6.92529649  5.32526682
  5.40172292  6.77677925  6.24649675  7.11062554 16.36380269  7.18704497
 16.07818709  5.98001746  7.59232619 25.2964982  16.2168693   8.66377772
  5.39762459  5.40497393  6.93438601  6.8051583  16.32094182  8.33077323
  7.41794166 16.55667735  8.44135395  5.76507184 15.19607565  7.48477577
  8.58171227  6.80707343  8.53078098 14.65454123 10.19929821 21.67501697
  5.96757136  5.5831958  19.66961702  7.06585898  5.30655467 10.87269052
  5.34194221 24.05007642 11.48368255 17.65713099  5.02897083 19.26368872
 10.32577854 13.63736217 16.97861381  8.99581074 19.73946163  7.78572512
  5.28785879  6.04089397 25.43023854  6.70359855  6.84178422  5.4527714
 12.9424619   6.74615193 12.46676764 10.55468391  6.60176505 13.07566304
 15.89875416  8.29570825 28.58200967  7.18758598  6.38792307  5.75530135
  6.1921586  11.33186066 15.40049994  5.0358108   7.52084649  5.75504594
  7.42542093  8.6943067  32.2068675 ]