[34.83151724  5.01040092  5.96109467  6.02083356  9.44826852  7.60693808
  5.67223708  5.32805795  7.61481579 40.26837085  7.49660121 13.42932765
  5.8211086   5.32579103  6.91579175  5.21734244  6.13478446  5.20908287
  5.69044358 15.45518733  7.66182213 13.52747298  6.90138634  5.63995997
  6.92106746 19.57551048 12.18520944 13.82214192 10.93860295  5.91979624
  9.04581044  6.40879558 20.92136181  5.42644981 12.3327414   7.20741817
  6.76416297  5.13738097 11.78599634  6.34158273  6.06617783  6.30071764
  5.87109382  9.83475697  5.35055745 10.73201806  7.77210311  5.42062967
 11.66712515  6.03076407  8.76392004  5.08306992  7.18523815  6.91661735
 19.84497745  6.09817417  7.66604714 10.53770132  7.5102054  13.39873374
  7.32184564  5.11450935 11.52503527  6.49748744  5.77858373  5.26820935
  7.17081152  7.54051181  9.14219096  5.31858066  9.46497213  6.20228973
 17.84831051  5.67998477  8.60110699 22.89933444  6.91666385  5.5997158
  7.50324558  7.76620261  5.86551825 14.51860916  5.61331031 14.60826214
  8.42650174  5.01127443  6.5966224  17.12922483  5.94352465  7.27349648
  7.92270997  6.1769851  13.28219329  6.87777223  7.0077252  13.95416134
  5.07588394  5.74705722 19.14366346 22.93378891  5.47394926  5.17272395
  8.24486924 25.7896195   6.44785239 13.8421445   6.16075738 10.92380367
  5.15971012  6.45365732 18.25481844  6.59938672 11.21901991  7.1854808
 10.3636638   7.66787361  8.33961174 29.19825139  6.32759679  6.04596771
  5.05890965  8.37790421 10.06998443 19.93492845  7.50971932  5.19949163
  6.75325816  6.45571687 25.97917045 11.40291733  5.35648248 10.83403101
 29.27891322  9.72661173  7.81535171  6.06591705 11.15763483  6.90125375
  5.30053429  6.71212592  7.32223082 10.57648384  6.88940797 11.80723474
  7.30810391 21.74742771 10.54103941 33.3663814   5.25793478  6.488397
  5.72569142 17.70183476 12.9709897   9.68027238  6.73704323  5.50312903
  6.86345585  6.55927552  5.01509192  6.20728115 12.19630256  5.54582713
 11.13302638 23.29257638  5.60855138  8.54790612  6.56281831  7.08087982
 13.86812977  7.49648578  6.03011173  7.36119614 45.6813788  14.1301017
 11.61731016  6.85655379 10.00254309 10.94410623 12.90477719  6.13458632
  6.18262805  6.47217104 14.69140175  7.6807236  16.70154438  5.45814309
 32.26838926  7.4187432  28.64445545  6.52198735  8.1209326   5.14158344
 13.26533844  8.95884536  5.23114475 10.21338078  7.44968726 10.99957071
  5.62146248  6.24116326 20.06117544 19.73783569  5.74534984  7.89640756
  5.21674029  7.6300092   7.93938768  5.66023625  5.42788775 39.25911132
  5.84044908  7.07147037 11.28925488  8.74077464  5.75734221  6.08877188
  9.67017058  5.43509665 10.49228049  6.94353752 21.85622484 46.64831396
  8.44755507  7.81628866  6.47732878  5.77100252  6.68319801  5.41983894
  7.58108317  6.98340406  5.52771247  5.39159683  5.20016915  5.1108462
  8.39367973  5.58081353  6.47010713  5.88749168 11.39841487  6.11403588
  9.23500502  5.36746066 36.8736896   7.20418726  6.86498263 15.34835023
  6.0426522   7.44895597  5.97432306 37.12126582 19.72294515  5.87875026
 12.67727774 28.43419489  9.50077046 10.61838264  5.5825799  14.18520343
 13.41035089  9.16591455  6.02742251  9.48461788  5.30974354  9.8185594
 16.05501278 16.85755082 18.41854296 10.50093792 15.58044692  9.21422828
 10.92266649  6.71236576 20.10915352 26.22627275  9.94789204 12.63765403
  5.93736004  5.34493358 14.53684069  5.70445886 26.43247913  9.06776814
  5.87221212  5.05016474  6.2470356  10.04746133 14.06272121  5.26297719
  5.89447242  5.8326686  11.14028226  8.33585651  7.40116494  6.5685612
 13.18052054  8.49536155  7.42861228  5.89373911  5.37211275  8.50658272
  6.52156636  6.35640038 12.76537634  6.70034516  5.15104744  5.15962583
 12.72968851 14.39310888  5.0790612   5.6604241   5.90613009  7.21569556
  6.48606479  5.10388476  9.85648482 15.34601074 11.53480022 21.03592633
  8.44469883  5.88285273 34.28268971 13.77535753  5.83650299  5.6719418
 15.7226964  14.64188432  5.87920014  5.82798338 10.53943206 13.12497367
 11.09338141  5.51135572 44.21586565 11.12138719  5.13336335  7.19308538
 35.51657627  8.47097385  6.06058747 10.53291841  6.55150806 13.08474199
 16.14883884  6.52756371 33.07686984  5.12761341  5.82376087  6.79025661
  5.3995442  13.52733194 21.00749009 32.29801272  9.63836389 26.27372069
  6.30892575 15.35250164  6.05672478  5.26234683 16.55775794  5.85682441
  6.30321886  6.94956618 10.4105     40.07849776  6.67122158  5.71604317
 10.25617261  8.32565657 35.42412391  5.43177933  5.25666182 21.18234881
  6.68428114  8.77490342  9.03520375  5.79124413  9.57641868  9.2941101
  5.82911481  6.54022232  5.54066371 11.02654186  6.04956151  5.84081214
  6.002829    5.40180107 10.41576263  5.35031155  6.92635856  7.86849104
 25.00541016 23.12669682  6.35029611  5.23117797  9.89110615  6.36953558
  5.47242822  6.51465771 12.10840783 28.32362871  5.81934149  9.76206562
  6.38793054  6.52321692 22.23464754  8.66475817  8.4017548   5.19271942
 13.3001879   5.33202976  9.47264019 16.24363289 19.9661468   5.23415483
 13.66613535 31.72053614  5.97785823  6.75041746  9.65932034  5.52015033
  8.72074815 11.9849176   7.9998975   5.85426117 12.59197958  7.53937458
  6.58985216 15.4473104  16.29262608  8.5130391  13.20371807  8.18464998
  8.63963686  9.12807479  7.08864619  9.41343774 13.13468837  9.71575039
 29.30427392 14.05568124  6.93187624  6.14040736 21.60428774  5.06074398
  6.25082784 18.02480002 12.41789019  7.39017707  5.42194337 10.23281332
  6.43972517 10.52434586 15.05571096  5.0542077  10.20901744  5.23556949
 15.46898628  5.00404989 13.05072439  9.64199837  7.1902137  13.7454598
 37.18428927  5.35508978 14.59430015  5.17772481  8.22501345 12.33493831
  6.46148188  9.29155726  7.5036578   6.29130994 42.11884232 11.51564207
 39.75013859  5.64508312  8.42797089  5.51635975  5.23765552 10.53339317
 24.8663358   5.40637573  5.93634866  8.81837959 14.18020023 20.64544454
 11.18813883 36.30739996 12.64910682  6.76628461  7.47112615 48.39890096
  6.79467605  5.02354359  8.56657622  6.41148084 10.31453937  7.00496936
  5.63684032 37.11516243  5.28494545  6.94676062  5.66440934  8.83898646
  5.04325569  9.22700549 10.45975109 12.8325643   6.19410726  9.14280393
  9.22669119 18.80548836 39.23494957 19.88331998 24.52597977 26.20440374
  6.7197878   5.23776278  8.54378748  6.69350494 14.14332483  7.73050268
 11.70609108  9.06524044  5.83594021 12.6080506   7.09140254  7.55131029
  7.07699233 31.26894794 11.22137365  9.06920257 12.21462649 27.96505403
  6.60625312  5.15015653  9.2757715   9.72755062  7.38897933  7.84342908
 11.83823884 11.22697051  5.68141106 11.65353086 10.48249204  8.89642531
  7.86718517  9.6438255   5.81879406  5.05738441 15.27479486  7.47745641
 18.53991715  6.47679502 46.31223381 35.30216854  5.34162191 18.14333206
 10.27948654  8.97215717 16.63437731 34.472924    7.98674636  9.01459005
  9.15721941  7.09108588  8.48046536 10.9766589  31.72844044 13.99121012
  5.0593375  47.64569878 22.64824688 12.09070087 12.03265218  5.35778439
  6.95679419 10.26999369 32.37060447 10.59711205  8.86445032 22.84784125
  5.83674515  5.68399806  6.51534376  8.43706184 10.34706402  9.24643419
 10.08978145 42.74341488 28.24783524  5.5264663   7.49853848  9.89992035
  6.24973661 30.68449645 12.86985422  7.24306346 15.79080066  6.96720485
 12.36851612  9.32912924  5.63634376  9.21362649  5.73540537  6.21440191
  5.98499995  5.42583159  6.80103567 25.88601217 48.19084601  5.28874413
  8.2160381   5.40642635 12.87426953  7.28939587  9.0353673   9.47975095
 16.50785101 21.4122628  11.00866876 10.02357296 19.25734465  7.02820458
  7.82192562  5.49430668  8.27033809 38.33624725  5.16187728  5.42472123
 10.93340477  6.56586425  6.33102256 12.40197615  5.32805699 16.53790052
 27.51422728  8.86360945 11.68143641 11.51262009  7.47671054 27.27486573
  7.41423403 11.03543368  5.13739977  5.0357351   5.23228933  6.47438754
  9.71017781  5.10466206 27.11666882  7.99978302  5.64798588 15.21065793
 14.31502299 12.50153503 12.99136262  6.19713482  5.24681817  5.73754104
  8.64628341 15.07780371  5.61290683  5.65374861 13.80997593 10.5724545
  5.2996086   7.38215988 11.15197112  6.65606105 24.25163858 14.41726358
 13.98042155  6.34593589  5.86900241 16.1660668  17.82043118  7.85622151
  5.0219547  20.27193133  5.48939651  5.02847679  6.59699703  9.53626477
  5.28627732  7.11537827  7.08574813  8.13040298 12.64118807 32.67799509
  7.25072464 21.5789412   7.93496746 10.12565202 13.83700439 17.62247913
  5.47285133 11.07496033 11.00610814 12.23233632  9.27663443  8.74923878
 13.75167251  7.22011689  6.54194028 10.12368083 34.68762247  8.9056365
  6.12083741 49.8487443   5.37902135  6.93498268  7.45582463  7.85706824
  5.42027842  9.71439656  9.5636709  19.94247981 20.37541865 10.63583707
  8.14383154 10.09438417  5.38150386 14.19169401  5.0464574   5.89820472
  7.02369929  7.41451337  6.82911253  7.26518767  5.53114338 10.90278145
 10.20484469  5.27151472  6.50925392  9.10814522  7.78082834 16.26519535
  7.00269524 23.98653218  9.63397501  6.3738278  15.56352963 25.66524226
  7.21379236  6.10907593 13.64952311 18.30398523 47.446605   13.97277393
  5.22837163  5.15490045  5.47537528  5.08000865  5.75207187  5.04737603
 11.21196285  7.15138162 14.97154656 40.19108443 15.70523336 12.96836899
  5.85243923 24.84089168  6.15633207 20.80601332  8.00217436 19.54748808
 10.52873521  5.22077678  9.77646072  5.22334758 19.00342425  6.80211772
 44.58005505  5.46243226  5.75150078  6.68739967 21.86625457 10.45753504
  6.18950355 15.47812299  6.57745274  5.47385592  6.15435987  5.98809636
  5.23147048  5.88490011  5.13686675  5.36936657 34.71084739 12.16247713
  8.44859888 17.73218431  9.18924402 23.13526169 13.65911723 16.2006767
  7.56615605 20.61053494  8.82558116  5.06508862 12.86045559 15.62744537
  5.33057021 11.04847855 20.53975435  7.27133524  6.82144555  7.1993726
  5.85039766  6.19215779 11.29816358  5.73705898  5.66710381  6.25329557
  6.87888887  5.31495972 10.41896104 10.05194701 11.29879593  6.62420571
  6.69286142  7.06431008 17.10978024  6.88789202 14.56633293 10.58464551
  6.88404691  5.37929288  5.93939882  8.48916832  9.91369429  6.59979967
  7.7574525  37.81982754 12.88130955  6.21182712 44.36769923  5.69863327
  5.87150878  5.89987245  8.03662768  5.23220952  5.48763275 12.34458551
  8.43230535 14.24502489 11.83821668  5.77537424 19.55139403  5.70959407
 12.28915316 19.52344492  5.93869885  7.49998594  7.6811073   5.50657441
 16.93422237 20.66722062  5.5748773  24.32238033 17.36211606  6.33336453
 22.51695956 23.25488573 24.96071646 17.31101884  7.58277615  6.53187553
 12.3363393  18.60283591  5.95783125  6.97646072 27.40485805  7.32449805
  5.01020038  5.44013136 28.18381619 12.84824021 23.66606932 13.39950253
  5.74587243 17.1372961  10.85049582  8.62544851 31.4099468   5.30869433
  5.87988911 16.85761676 15.81230417  9.18815099  5.5359483  10.81877479
  6.90637103 12.3112921  25.63796099  6.7527976  11.85431132 15.58828743
 20.76947515  8.70593578  5.07317743 10.37201329  5.9999907   8.2591631
  5.30503698  7.70516649  5.97747671 30.50501192 23.15658294  8.53573146
  9.55141056  7.33462318  5.18250592 29.27935413  5.24037279  5.26041999
  7.01470678 15.8968985   5.1629027  38.89879457 22.43388227  5.89396598
  9.45447069  5.31212993]