[ 7.12270055 11.71962332  5.14977095  8.86578309 26.35574373 10.50092268
 35.07287613 10.36978871  5.36164357 20.33927991 22.89618885  9.74034113
  5.00249208  7.56468934  6.13016354 24.38774777  6.89058342 13.60595699
  5.43828033 12.45739219  5.80408591  7.07078118  6.31852796  5.25235027
 12.20169992  5.46996273  7.85004354  5.24236703  7.72286657 16.47884924
 10.7572485   8.6527652   5.30996468  5.89422726  6.06208607 43.62932134
  6.51866157  5.11828067  5.25274854  5.7954892   9.76618973  9.22633077
 38.53342041 11.55964094 13.41303268 12.22961876 21.09977198  8.81119769
  5.65346915  5.68245533  5.30745903  6.04711006  5.14880083  6.22481376
  5.43023506 10.38405307 17.18719965 37.62977745 25.10963621 39.09676369
  6.90039365  5.41752167  5.78540474 17.19195713  7.84324794  8.09204966
 25.98192237  6.95917519  6.19051808  6.43113784  9.23638739  6.28246321
 13.30893127 12.50145799 15.12271495  5.55606128 13.73323767 13.4037559
 39.46426789  5.10558453 33.60409977  5.64448889 13.48678602 10.41333782
 37.60662594  7.57345601  6.88507339 12.15361178  9.7254073  17.52842916
  5.89246924 15.04554508 16.51846782 18.76650304 14.61992883  8.47750452
  5.68462037  5.56989137  7.59971991  6.62775987 10.57794664  7.55150143
  9.61247237  8.03441785 14.61806401  6.33313839 13.10760832  5.85710341
 14.76111637 23.65838938  7.66188348 10.48767794 17.25695758 19.48224043
 17.06429061 29.42247827  6.99088499  5.56603563 20.73550661 15.97027918
  5.10067998  8.65017423 15.24277285 10.60030688 18.83300081 19.16489772
  5.33938135  5.62346037  7.63077696  5.04597155 12.1216819   5.1458678
  7.95533393  9.10598957  5.73128964 11.66887621  6.62373591  5.51795534
  8.47703404  5.19964061  5.91318495  7.92882627 17.45401744  5.12582679
 10.09429209  5.89228192  8.94132163 26.58275185  8.59941608  7.88673522
  6.60780887  9.32801747  5.31884937  6.17042922  6.82173571  8.71946945
  5.55060229  5.32971058  5.79775719  5.78022202 12.78855873 13.95573574
 32.07423479  7.53697825  7.00118026 49.19259918  6.96998959  6.21735816
 10.18311725 10.40640669  6.7012023   8.09204883  5.05081227  8.83580058
 17.64925353  5.82812957 11.80848104  6.72667618 23.3758518  15.90564266
 18.37169002 10.82424813  7.30563603 10.86414956 10.14486956 16.82724302
  5.71458895  6.40111065  9.39537798  5.54766012 13.7090797   5.05580088
  5.89306163 26.49906289 11.44934521 23.41320338  5.17064034  5.53817292
 10.16206979  6.36924436  5.12319653  5.7048714   8.50948959 10.47648481
 11.82892562 17.82677269  7.46059214 22.83692508 23.5405059   5.06923031
  6.91888934  7.02724744 23.17435262  9.85987091 37.96806111 10.39101762
 32.03721087  5.563688    7.30103486 10.18051533  5.21102677 11.45802982
 26.83621774 20.31012778 17.67858977 16.7168623   6.59662395  6.45970897
  8.74007066 15.17839748 10.23473704  9.59500991  9.28534213 16.83145865
  7.58979671  9.32247441  7.90096494  5.50200629  9.30069099  6.02324064
  5.69515485  6.35971961  5.11217412  8.17727696  9.29022874 10.1950324
  9.39525103  6.16004496 36.50929013  5.81513814 47.49378723  5.72243518
  8.91694499  5.59206697 10.37104183 44.28085915  8.2751481  19.928419
 11.11337226  8.42800683  5.06612954  5.52009903  5.08519887 14.61611379
  5.17064243  9.98049639  5.02954366 10.96968622  8.30922671 35.26317297
 14.22661462  5.78228599 17.48035506 20.78704708  5.17824545  5.23872905
  5.34005837  7.06190438  6.91521791 24.94106415 12.26417815 14.50991812
  8.49615896  7.14191344  7.95929012  6.30808812 15.8508241   5.18722702
  5.01622579 16.13496276  7.83637732  9.68238895  9.31808768  8.57527126
  5.07436439 21.6704807   6.28091901  5.57326992 11.65631624 21.33898467
  7.73446379 21.29485116  9.15507804  8.46847904 16.55081813  8.03460004
  5.94476573  7.1654849   5.39005036 16.8424872   5.68695217  5.48681796
  8.3636881  11.02228017  8.77440725 39.91086656  6.7581668  32.92654481
  5.69131638  5.55386446  8.54877774 11.40867344  7.32397757  5.00270301
  6.84304533  5.16215653  6.36335742 11.01119399  5.5182598   6.74423126
  6.03183469  7.30669916  8.42227923  5.64536942 20.9484463   6.34552283
  9.10484653  9.72381833  5.01719531 13.61527486  7.77005005 18.27811518
  5.12902535  5.90997537  8.10808128  7.03482052 12.54762172 30.37171968
  8.24157562 13.11665875  6.45804028 10.75913499  9.55220587 10.71244556
 21.12145912 18.97453214 10.67732081  6.65123617  6.4040933   5.83269106
  8.07176929  5.51774587  5.65939102  7.48753302  5.47817472 13.85969885
  5.28327836 10.21003634  8.26947786 48.40023883  5.88106001 11.59958278
 19.63495025  9.63432792  6.01982669  6.52377477  5.12303735  7.08752623
  5.24962525  5.14450815  5.18271494  9.48459019 16.41560698 14.54320504
  5.74043002  7.52240395  8.05426857 11.00043675 35.56211321 26.31134592
  6.40554417  7.39824135 13.3978394   7.71244383 11.74749645  6.04198138
 10.1664869   5.35252961  5.0841621   5.66559645 16.53938072  8.80735243
 17.74374367  9.77453479  7.03182882 11.94544958 11.59605864  5.36313544
 18.89727858  6.41918955  5.15103214 23.03180216 24.97821878  5.27503776
 16.08248484  5.32267449  7.73785255 30.12255196 23.62181012 26.34015461
 21.38114769  6.73843951  7.90511496  8.42717856  6.30997799  5.85777406
 17.65137948  9.45330798  8.70987135 48.77028913  6.84792183  5.08239545
 14.187292    5.50556983  9.24539742  6.07561309 23.13337904  7.13870984
  6.6574534   7.11056267  5.22144825 20.40589346  5.92626329  9.31803793
  5.86748761  5.87772516 14.2950745   5.41761189  6.14825766  5.33580476
 11.86352444  7.97141282  5.14585866 16.34985923  7.45009978  9.23070381
 16.37498391 12.84903174 13.42218905 15.61175167  9.1410882  48.76299736
  6.49212249  6.41293128  5.66178835 19.84968386  5.10826453 17.36974137
  5.13814046 12.59285192 26.99777754  6.74524858 17.76082927  7.99200546
 17.81623801  5.11446561 15.0465482   7.53542921  8.84095015 36.23037908
  5.27733171  5.18303775 16.71268291 17.22813768 10.98416414  8.8875504
 22.12733412 10.14619387 14.62991172 11.38085275  7.89116885  9.32714512
  5.51384845  6.92302235  6.22925451  5.33506762  5.42533806  7.00156737
  5.1392927  13.60625229 28.92539216 49.06006945  7.8637794   5.6403087
  5.21007879 28.50461878 30.74437519  6.65238319  9.60773857  9.08805432
  7.03102342 30.18606063  5.1066177   9.86929651  8.22231404 33.26657497
  9.39323708  9.25178727  5.27357968  6.77608332  9.32870395  6.1715354
 13.80600673 10.03197882  6.04428174  9.36137006  8.0839298   6.65595276
 23.89999755  6.5763024   6.94629505 19.69984824 25.84584661  6.97169192
 18.48680135  9.01504058  8.12970127  5.72865756  8.00665364  8.15447853
 16.48944407  8.46467987  7.36487234 24.20903683 24.82842027  7.61372715
 12.70474294 14.89300626  8.92378554  6.77921188 14.91903048 10.18773757
  5.01178491 19.11641857 12.25485546 11.05491883  5.33976728 19.39148999
  7.08968295  5.03438817  6.8216004  10.85476719 23.80216111 10.96135112
  8.53123224 10.2553497  33.0470844  15.49048995  9.58380566 16.31872085
 20.54514709  8.75622531 10.78300387 12.29971288  5.25760254  5.2622207
  7.37653509  8.80351357  5.45385309  6.99726964  7.72351771 12.77928763
  5.84568188  7.62708178 13.54919328 12.82083983  7.36525437  7.07356503
  8.3113965   5.85887156 40.18178729 11.6999912   5.39116511  7.18259498
 14.68744365  7.77022277  6.74934453 12.58352293  6.08993353 15.27704398
  9.82058259  6.00302431  8.16159262  6.04819859  6.65887055  9.25352293
 12.18471929  6.5549989   5.82493777 11.96659329  7.33542548 27.03706157
 31.67511772  6.74186031  8.66539593  6.10384555  5.32181556  7.04553555
 17.00703377  8.89189357  6.77440718  5.81946854  5.62130964  7.64691419
 29.06626185  5.80908258  9.19901772  5.59897663  6.31873132  6.66205414
  6.69895848  9.94754214 23.08036249  5.88364703  7.81995977 11.97674758
 13.36947865 12.13890159  5.09739553  5.29530437  8.20787287  5.15793262
 11.89934312 17.18432781  6.63344624  9.12776697  7.26474549  7.02735365
  8.26137985  5.63042363  5.10996414  8.44774233 10.97533644 14.56856463
  7.6605788   8.27531461  9.84370504  6.53918738  5.24175469  6.02520059
  8.6442752   8.71410028 15.22486042 10.98505028  5.81471941 29.64834299
  6.89030693  5.96554581  6.09233814  7.59760034 15.21120829  9.40710548
 14.43511316 14.55089737  7.20969507  6.7270713   8.81391234  9.55942314
  9.63959503 19.65652823  8.17233887  8.37460961  7.66367954  6.3710171
 15.32898713  7.22989447  6.02497489  6.41151844  6.95704198 23.90829588
 11.44131255  5.32492496  6.62683095  6.73897178  6.01358043 23.89924879
  6.69022845  9.69895116 11.32131817 16.8136242   6.4156207  10.02119957
  7.51623185  5.19443746  5.40915058  5.68380538  7.62010607  6.05864862
  5.33731061  8.8220951  17.27656054 28.79137783 11.90381224  8.54974067
 19.49359807 10.31674641 12.23593201  7.53437155  7.88934986 10.59813657
  5.48424147 11.84330969  6.27050688  6.34353391  5.16199021  6.66542207
 25.78978165 27.13816529  5.0871614   6.36271363 21.62503682  5.32157939
  7.21516753 48.31517447  8.61014466  5.06239442 25.31891922  8.4996049
 33.30842673  5.55703878  5.12769645  8.41307363 40.22250417  8.11718321
  7.87722472  5.46651924  9.24355819  5.72027022  7.32453442  8.03298592
  5.00954335  5.98215804  8.22965108  5.50352901  6.0987315  16.08889539
  6.66609685  7.24393401  6.51132992  6.26464174  8.31330412 13.68780221
  7.68705946 25.02004741 12.44003395  6.03110327 13.61237511 34.37630461
  7.08076198  5.52460904  5.87303514  6.72337406 20.39139577  6.32531771
  6.78804168  6.39779032  9.68302603  5.83434318 30.85095192  5.42119839
 14.74569059 26.61832792 16.21653103 18.01005117  6.21319866  8.42623226
  6.25236399  5.79755921  6.15258123 15.2632354  15.57125039  5.80672508
  5.27407359  7.80610783  6.5859546   5.87587445  6.78595083  5.76170483
  6.44845573  6.12965224  8.81510355  9.42290938  6.85677505  8.08273602
  6.67538767 14.25939649  6.18558108  6.5445441 ]