[13.57272491  5.42499612  5.32443602  7.73194016  7.69978317 14.46422459
  5.16250248 15.09423088 10.64935132  5.23784484  5.12435162  5.18250505
  7.7994038   5.4739597   8.23569784  6.55146473 11.25145269 17.64276092
 12.59595902 34.57783742  6.85455261  9.09262604  6.06228542  6.77259571
  5.44962291 16.07154118 12.6151425  10.21721612  5.91752463  5.39646329
 33.00666346  5.87726145  5.45272297 11.37343253 30.96831165  9.06285995
 39.16145939 14.62481485  7.45113201 10.64249627  5.6438548   7.2330137
  5.11075646  5.990597   11.22697194 11.31698703 14.62266962 18.22339965
  7.61369722  9.37493525  7.36179325 13.48482314  8.40968795  9.40710798
  6.12006367 10.29227066  7.14551306 16.75675107 24.02677905 38.85460236
  6.46307965 11.31028364 11.86459591 12.45895588 14.77402279  5.11652685
  6.33770592  8.21011522 10.03348854  7.42005116 17.74709152  6.01743357
  5.40953101 13.77590498  5.53917094  5.97150636 11.46503503  5.23278498
  7.89028339 23.42128641 14.11698108 24.6354517   7.17190147 14.64076934
 19.95569885 10.83803557  9.98466289  8.3190568   7.54221902 14.14088775
 31.33006234  8.56718113  5.12586444 36.54950846  5.14547699  7.04950217
  5.36341496 14.22080224 10.39635079  9.55777855  6.77554657  9.37180487
 26.53052738  6.49207993  9.18259879 28.30190175  8.21045327 10.87693285
  7.05288625  7.35442039 16.02543871  6.51045262  8.53429511  8.13558815
  7.1938473  30.57472084  8.76974661 20.46240237  9.96779706 10.11332709
  8.45344673 12.33072799  7.44896689  6.03347648  5.28429257  9.28191712
 12.57745527  6.82384432  6.95162839 30.17705887  5.5179251  33.80232238
 24.56463627 11.35486982  9.69198092 17.58501665 27.76336154 14.48305567
  5.30143851 10.98878413  7.61572241 12.31346375  5.48850425 11.34841368
 45.66816249 25.29845592  5.68775512  5.13898364  7.96506188  5.41836922
  7.27573595  7.50897657  6.0294875   7.83517479 35.06685723 27.4149812
 11.72519555 15.88415861  8.08733904  6.59754943  9.95826781  9.50855588
  6.00423197  9.05640236 16.94572139 10.36735205  6.12728725  5.58173839
  8.57411428  5.55339892  8.24994669 21.78500671  7.24331892  6.8634028
 12.17147042 32.18170811  7.6432174   6.34323921  6.33482632  8.27917107
  7.75921827  5.87287913  5.69129399 11.61918367  6.63785569 18.28584203
  5.97456814  8.79264885  7.70996241  9.65761734  7.25205946 13.51098406
 14.37209017 13.28823758 17.87297144  5.25042936  5.08550168 49.10946356
  8.96985598  6.68298199  6.4066797   5.11301331  7.39310684 14.5054399
  5.91516468  5.19734094  9.57997137  6.17994288  6.63092279  5.42042436
 20.5954945  12.35663252  5.42231926 32.24244071 19.40602221  5.3247398
  7.1054821  11.41398385 29.28582745  5.67596837  5.28875344 12.05805713
 15.07518178 18.62292164 18.79708316  8.52951104  8.16452144  5.29075487
 19.04154985 49.63103385  5.68245706  6.06241187 13.53710132  6.5634559
  5.11910474  5.78698173  7.61491955 23.65249787 42.55308543  5.3579614
  5.36594017 19.11291322  5.39636931  5.98137508  5.87407845  8.21590648
 20.67963859  8.40320455  5.92197873 12.04835836  7.8973654   9.52876171
  5.35386039  6.16289354  5.57473031 20.68549803 18.88552884  9.81769822
  5.50375624  5.90480053  5.40914817 12.98359061  8.7906064  17.14303002
  6.3511491   5.16492066 21.51999457  9.12176571 21.82852307 26.57888469
  8.69750923  5.47725663  6.66496748 18.09704512  5.84275548  9.68191317
 33.93615877  5.10534827 15.47131992  7.19613414 33.37269233  8.37370946
 20.01300131  6.09075921  7.77083593  5.72966151  6.24850337 11.42482933
  5.20504069  7.58275759  9.56879372  5.15141184 11.29388982  6.54983948
 13.38807508  6.15821823  5.18742978  7.7056849   5.48622611  6.56558308
  6.46866199  5.30591544  9.62976546 11.08277854  9.35418856  6.81696
  6.46661482  5.00332271  5.31633309  6.74167196 20.98107384  8.18342818
  5.86081758 12.23897354 10.7092409  30.8432399  12.16452696  7.61979531
  6.89341811 14.1077922   9.5058393   9.8575133   9.8383393   5.57849821
  6.10643961 10.59926335  5.38485987  9.53060151 22.61463706  6.35422554
  6.44393375  5.29558829 22.89365793  5.50176384  6.06339291  8.30980086
 14.31102687 40.23659914  5.92898685  8.41088145  5.85419573  7.9590129
 22.01062917  5.57915386  8.70580037 24.9078674  11.09023104  5.09921817
 16.83390645  7.60517149  5.65372584 10.41351117  7.98904175 15.29670663
 14.62182429  6.80247229  9.63079755  5.82563696  5.17594561  6.3290912
 17.14129397 11.92487078  5.4125528  13.00100323 13.15729329  6.94241517
  5.2743979  28.05335222 18.90880655  6.98425452 11.67086485  5.89067492
  5.02844945 14.39659832  8.50641474  7.07600137  6.12462854  5.27271379
  5.76231309  5.33198353 10.08373039  8.58385445 10.35737651  6.92355172
  8.44225726  5.84701214  9.69618267  8.14892917  5.37277778 10.17902766
  5.37648185  8.00841401  7.76678872 10.00051865  9.34657934  6.5274257
  5.75105059 15.89386284 15.36991361  5.73635575 12.28343591 10.22667098
  7.87396598 25.05044994 11.51882107  7.12361259  9.62052724  6.53876054
  6.02336478  5.1594531   6.04405062 11.54513693  6.93478243  6.0317607
 13.95751815 16.24262043  5.23738339 31.1194737  14.34835358  5.30260523
  9.96863425  5.19026977  5.07779076 21.68342243  7.67837955 13.9942898
 25.23051464  5.10100378  6.20272866  7.32897935  6.97031057  6.09963494
 13.74031283  9.72227545  5.81904886  7.00920604  5.75319898 10.09466057
 40.48716383  6.39564207 17.51780754  8.08148044  7.40029215  9.2229351
  7.13613435  5.2789768  12.32480164 39.37321383  5.6238789  10.18411987
  6.35956536 19.7452857  13.47429731 17.47125298 20.30452212  7.79170239
  6.28077433  5.0304993  10.29265515  5.10438535 14.03410931 11.30406956
 18.15594902  5.75793672  9.91546476  5.6718869  23.49808895  5.66945387
  7.40005971  6.66688941  6.62466863 10.46052386  8.86416057 48.97242099
  8.5319331   9.73988789  6.20097068 11.64862548 17.421179   14.88914575
 16.99072153 11.09827402  6.23430256 14.31402327  8.74026592  5.85360079
 12.59810167 13.37291303 10.95870924  6.79425594  5.55525454  5.46397077
  6.55969288  7.0713053  10.16002073 15.22828316 12.4673888  11.14159866
 10.34588633  5.13692609  5.35477891  6.59515353  5.05510199  5.75215051
  5.45207272 16.33210076 36.38328946  6.07388693  5.9058073  32.9453262
  6.79013424  5.14985286  6.88246008 10.61375852 28.03870764  8.42295598
  5.43705458 27.87480145 11.71442451  5.97807168 11.93423666 13.89999967
  8.47961355 12.17424335 10.47598647  5.97812337  6.27089778 28.05843937
  9.87600159  5.11774889  5.94313511 17.76086324 30.26713871 20.74024683
  5.65576041  5.06769606  6.28174483  8.10848053  5.51977948 10.92160947
  7.53542145 12.25945999 12.47861454 20.59842066 38.3164895  34.05325374
  6.18563542  5.64716058  6.33734877  5.93929167 16.39151464  8.80504951
  5.79966331  5.28686722  6.72325217 19.17429074  7.1568843   8.44909765
 11.9725714   7.46147543  6.48797075  6.91988782 12.0012067   7.7044773
 10.78279802  6.66565124 13.33138294 35.59365862 12.57379039 25.05951742
  7.46127642 11.01717223 27.56444883 12.2681737  16.61132549  5.73011286
  6.97434059  5.93698185  5.46138893  5.06716334  6.61670158  5.31969105
 12.712184   44.61546215 19.659318   13.94407646  7.60561291 21.93402439
 11.87184561  5.23497416 28.28742874  9.04170053  5.94937415 13.96984481
 13.78821669  6.0319725   6.17141085 17.32639821  5.16516482  9.09790266
  5.16898042 11.95325062  9.41293139 11.64441046  9.2578083   7.97363631
  6.16876571  5.30659721  9.26298958 23.46286018 12.07319503  9.30664272
  5.11896676 41.21904942  5.15612718  5.43051693 29.60081506  5.15873768
 10.90066189  5.35084787  5.19192612 11.43314275  6.48237376  6.21294216
 13.40646272  5.72377822  5.0854916  10.16852791  8.2908967  14.36305957
 43.73771157 14.72237947 11.32803259  5.86499607 36.22206892  6.20387995]