[ 9.89340353 12.68194033  7.77509022 28.36650803  5.62092156 18.68239054
  7.48787696 28.54977171 11.17718818 22.21903634 16.31541783  6.74489774
  6.00708654  5.167309    5.97041157 18.39771785 16.27191354 17.63402358
 10.32540167  9.03044256  8.817529    5.20069137 20.42499054  6.48278533
  7.11047324 27.165898    6.56094768  7.40092662  6.05381557 10.52762685
 13.28580801 13.00555169 22.23504835  5.61498296  6.02827976 12.91965756
  6.45112737  6.56455595  5.89538553 15.739707    5.38242193  6.20888321
 21.30169362 41.37201789  6.7775508   5.89533026  9.15240865  6.89198487
  8.53380117 34.49278495 15.28655523  5.53464551  6.81002957 27.83321533
  6.39927422  7.31762105  5.79758141 10.40803153 17.47801043  5.73453026
  5.5280988  23.6354827  10.22224505  7.9141975   5.16861713 24.50172125
  9.50140698  6.55707486  8.0044734   5.57397379 15.66925672 13.70285713
 24.3011518  10.16084834  6.0136917   7.14356251 16.19543705  6.30563925
 10.58074928  8.68305207 20.94846379  6.64060977  5.54179705 10.70525005
  5.76527147  7.74490644  8.89612193  6.31771955  6.02188877  5.76885086
  7.43536847  7.14499009  5.11709933  8.04546408  5.8836738   8.28946788
 21.74189931  8.79941398  7.591591    7.23475606  5.21835102 10.63115043
 19.8785276   7.88000532  5.38060964  5.3446582  12.09345381 19.3563616
  6.73435075  5.9843761   6.83269689  9.83773144 12.08841844  9.31715297
 11.58052348 18.21651601  5.49613682  6.98885501 35.89980212  8.43069428
  6.24481076  6.07976225 20.39048168  5.25914226  5.14947045 14.4124629
  8.45488651  8.53649497  9.42692366  9.22543675 14.46042772  6.64498005
  9.30607532 13.93548084 21.48720446  6.66446678 21.95209763  9.11523519
  7.97548861  6.881149    5.12008006 34.71862784 14.68671499  9.08816172
 11.63395446  6.53276362  9.72428964  5.95481511  5.79041084 10.28180561
  5.12749775  8.07999548 16.69620196  6.04413065  7.26457496  6.73399099
 17.14017651  8.17835741  6.73596338  5.27811446  5.12100348  5.82123639
  6.97345755  5.78559922 10.77983906  6.49679434 12.06283866  7.63090863
  7.09163502  5.27256276  7.05832057  9.63784858  8.62361142  7.45282494
 21.46342389  7.64197634 14.21886041  9.39090412  7.48171719  5.19456237
 16.8311623   5.63698701 14.04958476 21.08529516  9.2322029  11.20686704
 15.9919379  11.9562822   7.21339392 21.06776598 11.94936891  5.62910445
  7.27587072 18.99139498  7.71622234  6.25912069 15.19253524 22.34017971
  5.8894777   6.97767919  6.60413261  5.9842975  11.51717947 12.93852309
 35.76136554  6.62799729 31.74374878  6.01078611  6.45004401  5.51355742
 10.01629825 17.19917553  5.07661887  6.56563792  9.40889861 17.74752956
  6.31844004  6.18830029  6.112843    6.41978768  5.83687236  5.95798389
  6.63641369  9.29767993  5.71931396  7.68009403 11.3121397   5.68941899
  5.08286977  6.55359694  7.49673606  9.08502592 12.96706276 21.39399033
  5.68715181 10.56867404  9.74580094 15.27285839  8.80262964  8.35973655
  6.26793054 10.27366424  6.8597077   6.76520918  5.21133975 33.60457303
 10.12715964  7.0150257  18.2063588   9.1592217   6.4239396  11.50994609
  8.74934266  8.68755985  8.85734683 11.53261965  5.67978283 28.76899068
  7.69333903  7.26923992 17.14238459  8.05469096  5.2266601  11.31780285
  8.77174595  5.14808061 14.25460482  7.3062745   8.16071787 10.01515396
 17.60757785  6.16923007 17.40069293  5.93244087  5.5701133   5.31888136
  6.44979901 13.86828231  5.01745022  7.0629988   5.5534589   7.52589751
  7.05038288 19.64786295  5.24200285  6.25270362 22.26905545 11.27434502
  8.83030116 15.45516552 12.14454585  7.44854225 11.55705549 32.05542811
 11.27082974  5.17119635  6.2509199   8.40025604  7.03572069 19.47031961
  5.4615109   7.73927576  7.7901038  46.72477344  5.91739243  6.19290243
 28.52961801  7.78494814  6.03151254  9.30249094  5.38561928  7.24017949
  8.97401793  7.52049739  6.58728482  7.07961706 14.83856161 17.55486162
  5.10545471 23.7594395  21.24976826 17.00104687  7.33723962  9.15243132
  5.09719294  7.70002086  5.0533218  10.89674521  7.54087201  5.93180371
 28.2406606  12.33918787 11.39976127  5.18157834 14.1844134   9.06850434
  5.12616689  6.15421294  7.72957474  9.79734804  5.44028798  6.95121693
  6.36553641  5.66245141 13.90661922 16.88654387  6.69833745  7.47755923
  5.81167924 25.07115619  7.80587301  7.33632138  5.38202025 17.04909698
  6.83434989 10.43817412  8.08551221  8.48747374  5.02352159  7.39896008
 11.67682186 15.50530431 14.00217293  7.65386805  8.69729505 19.23037752
  6.22741284 17.02469759  5.70513045  6.15973142  5.27645859 13.69236558
  7.44249175  6.50180587  8.50941753  5.55960437 10.21493209  5.05115888
  8.02919314  7.13462693  7.4287444  12.85440359  9.43836934  6.51711599
 15.91080719 29.58108783  7.65302818  6.10101441 10.20666929  5.44017814
 19.33087769  6.09075034  6.38143246 14.47131792  8.94373635 12.45326908
  6.55507514  7.04258013  7.12632388  6.06303791  7.40166814  5.98549772
  7.49475342 24.8704806  15.91481059  5.44797236  9.03176736 36.16643124
 12.82807079 12.8673072   5.99384622  9.36118239 20.40493029 17.53186369
  6.05580978 13.04270068  7.71230014  7.07243646 16.7391033   9.06249243
 12.32072341  5.98474199  5.88548444  7.71837956  5.5327826   6.13129574
 23.14814678  6.45581864  5.17424447  6.76985274  6.01515923 13.55850201
  5.6557577   5.57881557 47.36370977  6.71775938  8.22841847 24.85832281
 26.06891358  5.1449049  11.89457798 25.24044689  7.00272483  8.88933557
 10.64712194  5.03477974 12.50006101 42.14640143  6.77071666 12.67665967
  8.75794196  6.64037225 25.42038174  8.59088941  5.63695972 33.58866413
 12.2763139   9.78524113  5.66674435  5.72848411  5.51886243  5.36081721
 15.81024524  7.85049201  6.30550883  9.73424631  6.96594642 36.18934728
 12.42603157 19.2111513  15.26039056 10.94512276  7.20657038  6.14778216
  5.01702306  7.82728086  5.02490035 12.75533242  5.50655483  5.1712199
  7.27629989  6.42823413  6.57545073 14.08046691 19.46870319  7.15997584
  7.70078129  6.72172215  7.89059603 18.21786045 18.00016879  8.49118823
  5.48379441  9.16964858  8.25371396  7.35924249 16.6089015   6.72936072
 15.04514457  5.50395328  6.55643995  6.14211254 20.45425062  8.03048809
  5.34861456  8.74038325  6.03908421 18.27036089  5.9407149  18.11785696
  6.87406702  7.32151578 12.00444354 14.14746121  6.00905482  6.21913283
  8.86734845  5.09363734 15.32931382  7.18697744  6.13895579  5.64232901
 26.49923458  9.3136866   7.37521291 34.68104404  6.90358366  7.24947721
 32.16435667 11.75789422  5.98684137 11.37266305  5.72188085  7.82343069
 14.1079211   8.09667877 21.60929678 34.69179894  8.95381839 38.94576473
  6.69374422  5.20011717  7.24968888  6.59522578  6.04681914  8.46843598
  5.68720138  6.94980723  5.52320642  8.42812391  6.0463546  20.30315115
  5.41727874  5.30487284 20.66690185  6.46561326  5.59252413 11.62162144
  7.67236632  5.38904483  5.29247053  5.01321048 18.20603446  5.1647001
  5.91879672  6.14293466 12.62261833  5.80151395 37.41303579  5.2615765
  5.35058973  6.04217237  7.63279688  5.56478249  7.074862    5.50614996
  6.52959471 13.84357674  9.50047153]